"SCMEB" "DRSC" "BayesSpace" "Louvain"
"1" 4 3 2 5
"2" 3 4 4 7
"3" 9 1 3 8
"4" 4 3 2 5
"5" 2 1 1 6
"6" 7 1 1 4
"7" 9 1 6 4
"8" 4 3 7 5
"9" 4 3 2 5
"10" 2 4 1 9
"11" 9 1 3 8
"12" 5 2 7 6
"13" 8 2 7 9
"14" 1 3 2 2
"15" 6 2 5 3
"16" 4 2 7 6
"17" 8 2 1 6
"18" 5 2 7 6
"19" 4 3 2 5
"20" 8 2 1 3
"21" 9 1 3 8
"22" 2 1 1 9
"23" 3 4 2 7
"24" 1 3 2 2
"25" 4 2 7 10
"26" 9 1 3 8
"27" 7 2 1 4
"28" 7 1 6 4
"29" 6 2 5 3
"30" 3 2 5 7
"31" 3 4 2 7
"32" 9 1 3 8
"33" 1 3 2 3
"34" 8 2 7 6
"35" 5 2 7 10
"36" 4 2 7 10
"37" 4 3 5 10
"38" 4 3 2 2
"39" 8 2 1 6
"40" 4 3 7 6
"41" 5 2 7 6
"42" 5 2 7 10
"43" 7 1 6 4
"44" 4 3 2 5
"45" 4 3 2 5
"46" 1 3 2 7
"47" 1 2 5 2
"48" 9 1 6 4
"49" 8 2 1 9
"50" 3 4 4 7
"51" 8 2 1 3
"52" 4 3 5 5
"53" 6 2 5 2
"54" 9 1 3 8
"55" 3 4 4 7
"56" 4 3 2 2
"57" 7 1 6 4
"58" 8 2 5 9
"59" 9 1 3 8
"60" 8 2 7 9
"61" 4 2 7 6
"62" 1 3 5 2
"63" 7 1 1 4
"64" 3 4 4 7
"65" 9 1 3 8
"66" 1 2 5 2
"67" 8 2 7 6
"68" 4 3 2 5
"69" 6 3 5 2
"70" 3 4 2 7
"71" 9 1 3 8
"72" 3 4 4 7
"73" 7 1 6 4
"74" 8 2 7 9
"75" 4 3 2 7
"76" 9 1 3 8
"77" 1 3 2 2
"78" 1 3 2 2
"79" 9 1 3 8
"80" 9 1 6 4
"81" 4 3 2 7
"82" 4 3 7 5
"83" 1 3 2 2
"84" 6 2 5 3
"85" 5 2 7 10
"86" 1 2 5 10
"87" 4 3 2 5
"88" 5 2 7 6
"89" 5 2 7 6
"90" 6 3 5 2
"91" 9 1 3 8
"92" 5 2 7 6
"93" 4 3 5 10
"94" 6 2 5 3
"95" 4 3 2 5
"96" 7 2 1 4
"97" 6 2 5 3
"98" 4 3 7 6
"99" 5 2 7 10
"100" 9 1 3 8
"101" 9 1 6 8
"102" 3 4 4 7
"103" 8 2 5 9
"104" 1 3 5 2
"105" 8 2 1 4
"106" 4 3 2 5
"107" 3 4 4 7
"108" 2 4 1 9
"109" 2 4 1 9
"110" 4 3 7 5
"111" 4 3 2 10
"112" 3 4 4 7
"113" 3 4 4 7
"114" 5 2 5 6
"115" 9 1 3 8
"116" 6 2 5 3
"117" 6 2 5 3
"118" 4 3 2 5
"119" 1 3 2 2
"120" 1 3 2 2
"121" 8 2 7 9
"122" 3 4 4 7
"123" 3 4 4 7
"124" 1 3 2 2
"125" 9 1 3 8
"126" 7 2 1 4
"127" 3 4 4 7
"128" 4 3 2 5
"129" 8 2 1 4
"130" 3 2 7 9
"131" 6 2 5 3
"132" 8 2 1 9
"133" 6 2 5 3
"134" 4 3 2 5
"135" 9 1 3 8
"136" 6 2 5 3
"137" 5 2 7 6
"138" 5 2 1 6
"139" 4 3 2 5
"140" 9 1 3 8
"141" 5 2 7 6
"142" 4 3 2 2
"143" 9 1 3 4
"144" 8 2 1 3
"145" 8 2 1 9
"146" 5 2 7 6
"147" 3 4 4 7
"148" 8 2 1 9
"149" 4 3 2 5
"150" 6 2 5 3
"151" 4 3 2 5
"152" 8 2 5 9
"153" 8 2 1 3
"154" 9 1 3 8
"155" 6 2 5 3
"156" 9 1 3 8
"157" 6 2 5 3
"158" 5 2 7 6
"159" 3 4 4 7
"160" 1 2 5 10
"161" 8 2 7 9
"162" 4 3 7 5
"163" 8 2 1 9
"164" 7 1 6 4
"165" 3 2 7 9
"166" 4 3 2 5
"167" 9 1 3 8
"168" 9 1 6 4
"169" 5 2 7 6
"170" 4 2 7 10
"171" 4 3 2 2
"172" 7 1 3 8
"173" 4 3 2 2
"174" 5 2 7 6
"175" 8 2 1 9
"176" 9 1 3 8
"177" 4 3 2 5
"178" 3 4 5 7
"179" 9 1 3 8
"180" 7 1 3 8
"181" 5 2 7 6
"182" 4 3 2 5
"183" 2 1 1 4
"184" 3 4 4 7
"185" 4 3 2 5
"186" 1 3 5 2
"187" 8 2 7 9
"188" 3 4 4 7
"189" 4 3 7 5
"190" 1 3 5 10
"191" 3 4 4 7
"192" 6 2 5 3
"193" 4 3 2 5
"194" 1 3 2 2
"195" 5 2 7 6
"196" 9 1 3 8
"197" 4 3 2 5
"198" 8 2 7 9
"199" 6 2 5 3
"200" 9 1 3 8
"201" 4 3 2 5
"202" 7 1 6 4
"203" 8 2 5 3
"204" 6 2 5 3
"205" 3 4 2 7
"206" 1 2 5 10
"207" 1 3 5 10
"208" 8 2 1 9
"209" 1 3 5 2
"210" 3 2 7 6
"211" 1 3 5 2
"212" 9 1 3 4
"213" 9 1 3 8
"214" 9 1 3 8
"215" 7 1 6 4
"216" 8 2 1 6
"217" 9 1 3 4
"218" 3 4 4 7
"219" 8 2 1 4
"220" 6 2 5 3
"221" 9 1 3 8
"222" 8 2 1 4
"223" 5 2 7 6
"224" 8 2 1 6
"225" 5 2 7 6
"226" 4 3 2 5
"227" 9 1 3 8
"228" 1 3 5 2
"229" 1 3 5 10
"230" 9 1 3 8
"231" 4 3 2 5
"232" 4 3 2 5
"233" 5 2 7 6
"234" 5 2 7 3
"235" 3 4 2 7
"236" 8 2 1 3
"237" 1 2 5 2
"238" 8 2 7 9
"239" 5 2 7 6
"240" 8 2 7 6
"241" 4 2 7 6
"242" 8 2 5 3
"243" 8 2 1 3
"244" 8 2 1 9
"245" 1 3 2 2
"246" 9 1 3 8
"247" 4 3 7 3
"248" 6 2 5 3
"249" 6 2 5 3
"250" 5 2 7 6
"251" 1 2 5 10
"252" 9 1 3 8
"253" 3 4 4 7
"254" 6 2 5 3
"255" 1 2 5 2
"256" 9 1 3 8
"257" 8 2 5 9
"258" 4 3 2 5
"259" 8 2 1 3
"260" 4 3 2 2
"261" 6 2 5 3
"262" 4 3 2 5
"263" 1 3 2 2
"264" 7 1 3 8
"265" 3 4 2 7
"266" 9 1 3 8
"267" 1 3 2 2
"268" 1 3 2 2
"269" 4 3 2 10
"270" 1 3 5 2
"271" 5 2 7 6
"272" 9 1 3 8
"273" 7 1 1 4
"274" 9 1 6 4
"275" 6 2 5 3
"276" 3 2 7 6
"277" 2 1 6 4
"278" 4 3 7 10
"279" 2 4 1 7
"280" 2 4 1 9
"281" 5 2 5 3
"282" 1 3 5 2
"283" 4 3 2 2
"284" 4 3 7 10
"285" 3 4 4 7
"286" 8 2 1 6
"287" 1 3 2 2
"288" 4 3 2 5
"289" 4 3 2 5
"290" 7 1 3 8
"291" 1 2 5 2
"292" 5 2 7 6
"293" 4 3 2 5
"294" 8 2 1 9
"295" 4 3 2 5
"296" 5 2 7 9
"297" 3 4 4 7
"298" 4 3 2 5
"299" 3 4 4 7
"300" 3 3 2 5
"301" 4 2 7 6
"302" 7 1 6 4
"303" 2 1 1 9
"304" 7 1 6 4
"305" 6 2 5 3
"306" 3 2 5 2
"307" 8 2 1 3
"308" 4 3 2 5
"309" 9 1 3 8
"310" 8 2 1 4
"311" 5 2 7 6
"312" 7 1 6 4
"313" 7 1 1 4
"314" 3 4 4 7
"315" 9 1 3 8
"316" 5 2 7 6
"317" 1 2 5 2
"318" 4 3 2 5
"319" 1 3 2 2
"320" 9 1 3 8
"321" 5 2 7 6
"322" 8 2 1 9
"323" 5 2 5 3
"324" 5 2 7 6
"325" 4 3 2 10
"326" 4 3 7 2
"327" 9 1 3 8
"328" 3 3 2 7
"329" 9 1 3 8
"330" 9 1 3 8
"331" 1 3 2 2
"332" 9 1 3 8
"333" 8 2 7 10
"334" 4 3 2 5
"335" 2 1 6 4
"336" 4 3 2 5
"337" 4 3 2 5
"338" 9 1 3 8
"339" 2 1 1 3
"340" 3 4 2 7
"341" 8 2 7 6
"342" 9 1 3 8
"343" 3 4 4 7
"344" 1 3 5 2
"345" 9 1 3 8
"346" 9 1 3 8
"347" 1 3 5 2
"348" 6 2 5 3
"349" 8 2 5 3
"350" 4 3 7 5
"351" 2 4 1 9
"352" 1 3 5 10
"353" 7 1 6 4
"354" 4 3 2 5
"355" 4 3 2 5
"356" 2 1 1 4
"357" 6 2 5 3
"358" 4 3 2 5
"359" 8 2 1 3
"360" 7 1 6 4
"361" 8 2 1 9
"362" 2 2 1 9
"363" 1 3 5 2
"364" 8 2 7 6
"365" 4 3 2 2
"366" 3 4 2 7
"367" 5 2 7 6
"368" 4 3 2 5
"369" 5 2 7 6
"370" 2 4 1 4
"371" 7 1 6 4
"372" 5 2 7 6
"373" 3 4 4 7
"374" 9 1 3 8
"375" 7 1 3 8
"376" 3 4 2 7
"377" 1 3 5 2
"378" 8 2 1 9
"379" 4 3 7 5
"380" 3 3 2 7
"381" 6 2 5 2
"382" 4 3 2 5
"383" 8 2 1 3
"384" 8 2 1 9
"385" 1 3 2 2
"386" 4 3 2 5
"387" 7 1 6 4
"388" 4 3 7 5
"389" 1 2 5 2
"390" 4 3 2 5
"391" 9 1 3 8
"392" 8 2 5 3
"393" 2 4 1 9
"394" 4 3 2 5
"395" 4 3 2 2
"396" 4 3 2 5
"397" 4 3 2 5
"398" 9 1 3 8
"399" 1 2 5 2
"400" 9 1 3 8
"401" 3 4 4 7
"402" 4 2 7 10
"403" 6 2 5 3
"404" 1 3 2 2
"405" 9 1 3 8
"406" 9 1 3 8
"407" 2 2 1 5
"408" 4 3 5 2
"409" 5 2 7 6
"410" 8 2 1 3
"411" 9 1 3 8
"412" 6 2 5 3
"413" 6 2 5 3
"414" 1 3 2 2
"415" 8 2 1 3
"416" 4 3 7 10
"417" 5 2 7 6
"418" 4 3 2 5
"419" 9 1 3 4
"420" 6 2 5 2
"421" 2 1 6 4
"422" 6 2 5 3
"423" 8 2 5 9
"424" 1 4 2 7
"425" 8 2 1 4
"426" 8 2 1 9
"427" 1 3 2 2
"428" 3 4 4 7
"429" 4 3 2 5
"430" 5 2 7 6
"431" 1 3 2 2
"432" 6 2 5 3
"433" 3 4 4 7
"434" 8 2 1 9
"435" 4 2 7 10
"436" 5 2 7 6
"437" 5 2 7 6
"438" 6 2 5 3
"439" 8 2 1 3
"440" 1 3 2 2
"441" 2 1 1 9
"442" 8 1 1 3
"443" 4 3 2 5
"444" 4 3 2 5
"445" 8 2 1 3
"446" 8 2 7 3
"447" 9 1 3 8
"448" 4 3 2 7
"449" 9 1 3 4
"450" 6 2 5 3
"451" 2 4 5 7
"452" 2 1 6 4
"453" 7 1 6 4
"454" 5 2 7 6
"455" 7 1 6 4
"456" 8 2 7 9
"457" 3 3 2 7
"458" 4 3 5 3
"459" 1 3 2 2
"460" 1 3 2 2
"461" 2 1 6 4
"462" 1 2 5 2
"463" 8 2 1 9
"464" 8 2 1 3
"465" 4 3 2 5
"466" 8 2 1 3
"467" 4 3 7 10
"468" 9 1 3 8
"469" 4 3 2 5
"470" 4 3 2 2
"471" 8 2 1 3
"472" 7 1 6 8
"473" 9 1 3 8
"474" 6 2 5 3
"475" 9 1 3 8
"476" 8 2 1 4
"477" 5 2 7 6
"478" 4 3 2 5
"479" 6 2 5 2
"480" 1 2 5 2
"481" 4 3 7 10
"482" 3 4 4 7
"483" 4 3 2 5
"484" 4 3 2 5
"485" 8 2 1 3
"486" 2 4 1 9
"487" 1 3 2 2
"488" 5 2 7 6
"489" 5 2 7 6
"490" 1 3 5 2
"491" 6 2 5 9
"492" 6 2 5 3
"493" 4 3 2 2
"494" 4 3 7 10
"495" 9 1 3 8
"496" 3 4 4 7
"497" 8 2 1 4
"498" 2 1 6 4
"499" 5 2 7 6
"500" 5 2 7 6
"501" 9 1 3 8
"502" 9 1 3 8
"503" 8 2 5 3
"504" 8 2 7 6
"505" 5 2 7 6
"506" 8 2 7 9
"507" 5 2 7 6
"508" 2 1 1 9
"509" 4 3 7 6
"510" 9 1 3 8
"511" 6 2 5 3
"512" 8 4 1 9
"513" 4 2 7 10
"514" 6 2 5 3
"515" 8 2 1 9
"516" 9 1 3 8
"517" 7 1 6 8
"518" 1 2 5 2
"519" 9 1 3 8
"520" 4 3 2 7
"521" 9 1 3 8
"522" 9 1 3 8
"523" 3 3 2 2
"524" 9 1 3 8
"525" 1 2 5 2
"526" 8 2 5 9
"527" 9 1 3 8
"528" 4 3 2 5
"529" 7 1 6 4
"530" 6 2 5 2
"531" 4 3 2 5
"532" 8 2 1 6
"533" 2 1 3 8
"534" 1 3 2 2
"535" 5 2 1 6
"536" 4 4 2 7
"537" 3 4 4 7
"538" 3 4 4 7
"539" 8 2 1 3
"540" 4 3 2 2
"541" 9 1 3 8
"542" 5 2 7 6
"543" 1 3 5 2
"544" 6 2 5 3
"545" 4 3 2 5
"546" 5 2 7 6
"547" 6 2 5 2
"548" 6 2 5 2
"549" 4 3 2 5
"550" 7 1 6 4
"551" 6 2 5 3
"552" 9 1 3 8
"553" 3 4 4 7
"554" 4 3 2 7
"555" 8 2 1 9
"556" 3 4 4 7
"557" 8 2 1 6
"558" 5 2 7 3
"559" 1 3 5 2
"560" 7 1 6 8
"561" 1 3 5 2
"562" 4 3 7 5
"563" 8 2 1 9
"564" 4 3 7 10
"565" 7 1 6 4
"566" 3 4 4 7
"567" 3 3 2 7
"568" 6 2 5 3
"569" 7 1 6 4
"570" 4 3 7 5
"571" 8 2 7 9
"572" 1 3 5 2
"573" 7 1 6 4
"574" 4 2 7 6
"575" 9 1 3 8
"576" 3 4 4 7
"577" 8 2 5 9
"578" 9 1 3 8
"579" 3 2 5 2
"580" 1 3 5 2
"581" 3 4 4 7
"582" 4 3 2 5
"583" 7 1 6 4
"584" 4 3 2 2
"585" 1 3 5 2
"586" 8 2 1 6
"587" 1 3 5 10
"588" 8 2 1 9
"589" 9 1 3 8
"590" 5 2 7 10
"591" 9 1 3 8
"592" 6 2 5 3
"593" 3 2 7 6
"594" 6 2 5 3
"595" 3 2 1 7
"596" 1 3 2 2
"597" 1 2 5 2
"598" 9 1 3 8
"599" 8 2 1 9
"600" 4 3 2 10
"601" 7 1 1 4
"602" 3 4 4 7
"603" 1 3 5 2
"604" 2 4 1 9
"605" 8 2 7 6
"606" 4 3 2 5
"607" 9 1 3 8
"608" 6 2 5 3
"609" 2 4 1 9
"610" 4 3 2 2
"611" 1 2 5 2
"612" 9 1 3 8
"613" 4 3 2 2
"614" 3 4 4 7
"615" 5 2 7 6
"616" 6 2 5 3
"617" 4 3 2 2
"618" 4 2 7 10
"619" 2 1 6 4
"620" 4 3 2 5
"621" 3 4 4 7
"622" 4 3 5 2
"623" 1 3 5 2
"624" 1 2 5 3
"625" 7 1 6 4
"626" 3 4 4 7
"627" 9 1 3 8
"628" 7 1 6 4
"629" 9 1 3 8
"630" 7 1 6 4
"631" 5 2 7 6
"632" 4 3 7 10
"633" 3 4 4 7
"634" 1 3 2 7
"635" 3 4 4 7
"636" 4 3 7 10
"637" 6 2 5 3
"638" 5 2 5 3
"639" 8 2 5 3
"640" 7 1 6 4
"641" 4 3 2 5
"642" 5 2 7 6
"643" 4 3 7 10
"644" 9 1 3 8
"645" 4 3 2 2
"646" 9 1 3 8
"647" 1 3 2 7
"648" 6 2 5 3
"649" 8 2 7 6
"650" 4 3 7 5
"651" 7 1 6 4
"652" 9 1 3 4
"653" 6 2 5 3
"654" 1 3 5 2
"655" 4 3 2 2
"656" 4 2 7 10
"657" 7 1 6 4
"658" 6 2 5 3
"659" 4 3 7 5
"660" 7 1 6 4
"661" 4 2 7 10
"662" 5 2 7 6
"663" 6 2 5 2
"664" 4 2 7 6
"665" 8 2 1 9
"666" 8 1 1 3
"667" 6 2 5 10
"668" 3 4 2 7
"669" 1 3 5 2
"670" 7 1 6 4
"671" 6 2 5 2
"672" 9 1 3 8
"673" 3 2 5 2
"674" 1 3 5 2
"675" 4 3 2 2
"676" 8 2 1 7
"677" 2 4 1 9
"678" 3 4 4 7
"679" 3 4 4 7
"680" 8 2 1 4
"681" 1 3 2 2
"682" 1 2 5 9
"683" 5 2 7 6
"684" 4 3 7 2
"685" 7 1 6 4
"686" 3 4 4 7
"687" 7 1 1 4
"688" 4 3 2 5
"689" 8 4 1 9
"690" 4 3 2 2
"691" 8 2 1 3
"692" 6 2 5 3
"693" 6 2 5 4
"694" 5 2 1 6
"695" 1 3 5 2
"696" 4 3 2 5
"697" 7 1 6 4
"698" 1 4 2 7
"699" 8 2 1 6
"700" 1 3 5 2
"701" 5 2 7 6
"702" 8 2 1 3
"703" 5 2 7 6
"704" 8 2 1 4
"705" 1 3 2 2
"706" 1 3 2 2
"707" 3 4 4 7
"708" 8 2 1 6
"709" 3 4 4 7
"710" 6 2 5 3
"711" 9 1 3 4
"712" 6 2 5 3
"713" 3 2 7 10
"714" 5 2 7 6
"715" 4 2 7 10
"716" 8 2 1 3
"717" 4 3 2 5
"718" 6 2 5 3
"719" 3 4 4 7
"720" 5 2 7 6
"721" 3 4 7 9
"722" 6 2 5 3
"723" 8 2 1 9
"724" 8 2 5 2
"725" 6 2 5 3
"726" 1 3 2 7
"727" 4 3 2 5
"728" 3 4 2 7
"729" 2 4 4 9
"730" 3 4 4 7
"731" 7 1 6 4
"732" 1 3 5 2
"733" 6 2 5 3
"734" 8 2 1 4
"735" 1 3 2 7
"736" 7 1 6 4
"737" 4 3 7 10
"738" 5 2 1 6
"739" 5 2 7 6
"740" 4 3 7 6
"741" 4 3 2 5
"742" 9 1 3 8
"743" 4 3 7 5
"744" 2 4 6 4
"745" 4 3 2 5
"746" 4 3 2 5
"747" 4 3 7 5
"748" 6 2 5 2
"749" 8 2 1 9
"750" 5 2 7 6
"751" 7 1 6 4
"752" 5 2 7 6
"753" 1 3 5 2
"754" 1 3 5 2
"755" 8 2 1 6
"756" 4 3 2 10
"757" 9 1 3 8
"758" 8 2 1 9
"759" 9 1 3 8
"760" 6 2 5 3
"761" 7 1 6 4
"762" 6 2 5 3
"763" 7 1 3 8
"764" 5 2 7 10
"765" 9 1 6 4
"766" 4 3 2 5
"767" 6 2 5 3
"768" 4 3 2 5
"769" 2 2 1 9
"770" 4 3 2 2
"771" 8 2 5 9
"772" 2 4 1 9
"773" 5 2 7 6
"774" 4 3 2 2
"775" 7 1 6 4
"776" 7 1 6 4
"777" 9 1 3 8
"778" 7 1 6 4
"779" 8 2 1 9
"780" 7 1 6 4
"781" 3 4 4 7
"782" 2 4 1 9
"783" 6 2 5 2
"784" 3 4 4 7
"785" 8 2 1 3
"786" 4 3 2 5
"787" 4 3 2 5
"788" 5 2 7 6
"789" 1 3 5 2
"790" 9 1 3 8
"791" 4 3 2 5
"792" 4 3 2 5
"793" 8 2 1 6
"794" 8 2 1 3
"795" 4 3 2 5
"796" 6 2 5 3
"797" 4 3 2 5
"798" 9 1 3 4
"799" 3 4 2 7
"800" 1 3 5 2
"801" 8 2 1 4
"802" 5 2 7 6
"803" 6 2 5 3
"804" 1 2 5 2
"805" 9 1 3 8
"806" 4 3 2 5
"807" 8 2 5 9
"808" 4 3 2 2
"809" 6 2 5 3
"810" 1 2 5 3
"811" 9 1 3 8
"812" 7 1 6 4
"813" 5 2 7 6
"814" 8 2 5 3
"815" 1 2 5 2
"816" 7 1 6 4
"817" 9 1 3 8
"818" 8 2 5 3
"819" 8 2 5 9
"820" 3 4 4 7
"821" 4 3 2 5
"822" 5 2 7 6
"823" 6 2 5 3
"824" 6 2 5 2
"825" 3 3 2 7
"826" 8 2 1 4
"827" 4 3 2 2
"828" 1 2 5 10
"829" 5 2 7 6
"830" 4 3 2 5
"831" 2 1 6 4
"832" 8 2 1 9
"833" 6 2 5 3
"834" 8 2 1 3
"835" 9 1 3 8
"836" 4 3 2 5
"837" 4 3 2 2
"838" 9 1 3 8
"839" 5 2 7 6
"840" 9 1 3 8
"841" 9 1 3 8
"842" 5 2 7 3
"843" 3 4 4 7
"844" 4 3 2 2
"845" 3 4 2 7
"846" 8 2 1 6
"847" 5 2 7 6
"848" 7 1 6 4
"849" 6 2 5 3
"850" 8 2 1 9
"851" 1 3 2 2
"852" 1 3 2 5
"853" 5 2 7 6
"854" 7 1 6 4
"855" 2 4 1 9
"856" 6 2 5 3
"857" 6 2 5 3
"858" 1 2 5 3
"859" 4 3 5 2
"860" 4 3 2 5
"861" 4 3 2 5
"862" 8 2 1 9
"863" 1 3 5 2
"864" 1 3 5 2
"865" 4 3 2 2
"866" 1 2 5 2
"867" 8 2 1 3
"868" 6 2 5 3
"869" 3 3 2 5
"870" 3 3 2 7
"871" 9 1 3 8
"872" 6 2 5 3
"873" 9 1 3 4
"874" 3 4 4 7
"875" 4 3 2 5
"876" 5 2 7 6
"877" 1 3 5 7
"878" 4 3 2 5
"879" 3 2 7 9
"880" 7 1 1 4
"881" 4 2 7 10
"882" 3 2 7 9
"883" 4 3 2 5
"884" 8 2 5 10
"885" 3 4 4 7
"886" 8 2 1 9
"887" 4 3 2 5
"888" 1 3 2 2
"889" 1 3 2 2
"890" 4 3 2 2
"891" 8 2 1 9
"892" 1 3 2 2
"893" 3 4 4 7
"894" 2 1 6 4
"895" 4 3 7 5
"896" 9 1 3 8
"897" 5 2 7 6
"898" 4 3 7 5
"899" 8 2 1 9
"900" 4 3 2 5
"901" 1 3 5 2
"902" 4 3 7 5
"903" 6 2 5 2
"904" 3 4 4 7
"905" 1 3 5 2
"906" 8 2 7 3
"907" 4 3 2 2
"908" 6 2 5 3
"909" 9 1 3 8
"910" 3 4 4 7
"911" 9 1 3 4
"912" 6 2 5 3
"913" 6 2 5 3
"914" 7 1 6 4
"915" 8 2 1 3
"916" 4 3 2 10
"917" 1 3 5 2
"918" 1 2 5 10
"919" 4 3 2 5
"920" 9 1 3 8
"921" 7 1 6 4
"922" 3 4 4 7
"923" 7 1 6 4
"924" 1 2 5 10
"925" 4 3 2 5
"926" 3 3 2 7
"927" 3 4 4 7
"928" 4 3 2 5
"929" 6 2 5 3
"930" 1 3 5 2
"931" 4 3 2 5
"932" 6 2 5 2
"933" 4 3 2 10
"934" 7 1 6 4
"935" 1 3 5 2
"936" 7 2 1 4
"937" 1 3 2 2
"938" 8 2 1 3
"939" 5 2 7 6
"940" 8 2 1 9
"941" 6 2 5 3
"942" 5 2 7 6
"943" 8 2 1 9
"944" 4 3 2 5
"945" 1 3 2 2
"946" 6 2 7 2
"947" 6 2 5 3
"948" 8 2 7 9
"949" 3 4 4 7
"950" 9 1 3 8
"951" 3 4 4 7
"952" 4 3 5 2
"953" 3 4 2 7
"954" 5 2 7 6
"955" 4 3 2 5
"956" 6 2 5 3
"957" 1 3 2 7
"958" 4 3 2 5
"959" 8 2 1 3
"960" 8 2 1 4
"961" 3 4 4 7
"962" 3 4 4 7
"963" 9 1 3 8
"964" 7 1 6 4
"965" 4 3 2 5
"966" 4 3 2 5
"967" 3 2 5 2
"968" 6 2 5 3
"969" 4 3 2 2
"970" 3 4 4 7
"971" 9 1 3 8
"972" 8 2 1 3
"973" 6 2 5 3
"974" 4 3 7 10
"975" 8 4 1 9
"976" 4 3 2 7
"977" 4 3 2 5
"978" 3 4 4 7
"979" 8 2 1 5
"980" 9 1 3 8
"981" 5 2 7 6
"982" 8 2 1 9
"983" 3 4 4 7
"984" 6 2 5 2
"985" 4 3 2 5
"986" 9 1 3 8
"987" 1 3 5 2
"988" 4 3 7 6
"989" 1 3 5 2
"990" 6 2 5 10
"991" 9 1 3 8
"992" 5 2 7 6
"993" 9 1 3 8
"994" 3 4 4 7
"995" 1 3 5 2
"996" 8 2 1 3
"997" 1 3 5 2
"998" 4 3 2 5
"999" 4 3 2 2
"1000" 9 1 3 8
"1001" 4 3 2 5
"1002" 9 1 3 8
"1003" 7 1 6 4
"1004" 1 3 2 7
"1005" 6 2 5 3
"1006" 6 2 5 3
"1007" 6 2 5 3
"1008" 4 3 7 10
"1009" 8 2 7 9
"1010" 3 4 2 7
"1011" 3 4 4 7
"1012" 3 4 4 7
"1013" 3 4 4 7
"1014" 6 2 5 3
"1015" 8 2 1 9
"1016" 4 3 7 10
"1017" 4 3 2 5
"1018" 3 2 7 10
"1019" 9 1 6 4
"1020" 4 3 2 2
"1021" 6 2 5 3
"1022" 4 3 7 6
"1023" 8 2 1 9
"1024" 4 3 2 5
"1025" 1 3 2 2
"1026" 7 1 6 4
"1027" 1 3 5 2
"1028" 9 1 3 8
"1029" 6 2 5 2
"1030" 8 2 7 6
"1031" 5 2 7 9
"1032" 4 3 2 5
"1033" 7 1 6 4
"1034" 1 2 5 2
"1035" 8 4 1 9
"1036" 1 2 5 2
"1037" 3 4 4 7
"1038" 5 2 7 6
"1039" 4 3 2 5
"1040" 7 1 6 4
"1041" 6 3 5 2
"1042" 7 1 6 8
"1043" 7 1 1 4
"1044" 6 2 5 2
"1045" 7 1 6 4
"1046" 1 3 5 2
"1047" 8 2 5 3
"1048" 9 1 6 4
"1049" 4 3 2 2
"1050" 9 1 3 8
"1051" 6 2 5 3
"1052" 4 3 7 5
"1053" 5 2 7 6
"1054" 1 3 2 2
"1055" 1 3 5 2
"1056" 6 2 5 3
"1057" 1 3 5 2
"1058" 7 1 3 4
"1059" 2 4 1 9
"1060" 6 2 5 3
"1061" 1 3 2 2
"1062" 9 1 6 4
"1063" 8 2 7 3
"1064" 1 3 5 2
"1065" 2 4 1 9
"1066" 3 4 4 7
"1067" 5 2 7 6
"1068" 7 1 6 4
"1069" 9 1 3 8
"1070" 5 2 1 6
"1071" 1 3 2 2
"1072" 1 3 5 2
"1073" 4 3 2 10
"1074" 9 1 6 4
"1075" 6 2 5 3
"1076" 3 4 4 7
"1077" 1 3 5 2
"1078" 2 4 4 7
"1079" 2 4 1 9
"1080" 6 2 5 3
"1081" 1 3 2 2
"1082" 1 3 2 2
"1083" 4 2 7 10
"1084" 2 1 3 8
"1085" 8 2 1 9
"1086" 3 2 5 9
"1087" 5 2 5 10
"1088" 5 2 7 6
"1089" 2 2 1 3
"1090" 3 4 4 7
"1091" 1 3 2 2
"1092" 7 2 1 4
"1093" 8 2 1 9
"1094" 9 1 3 8
"1095" 8 2 1 9
"1096" 3 4 4 7
"1097" 8 2 1 9
"1098" 4 3 2 5
"1099" 3 2 5 9
"1100" 9 1 3 8
"1101" 6 2 5 3
"1102" 1 2 5 3
"1103" 4 3 7 5
"1104" 7 1 6 4
"1105" 4 3 2 7
"1106" 7 1 6 4
"1107" 9 1 6 4
"1108" 1 3 5 2
"1109" 1 3 5 2
"1110" 4 3 7 5
"1111" 9 1 3 8
"1112" 3 4 4 7
"1113" 4 3 7 10
"1114" 3 4 4 7
"1115" 1 3 2 2
"1116" 7 2 1 4
"1117" 4 3 2 2
"1118" 5 2 7 6
"1119" 1 3 2 2
"1120" 4 3 2 5
"1121" 4 3 2 5
"1122" 5 2 7 6
"1123" 6 2 5 3
"1124" 4 3 7 5
"1125" 4 3 2 2
"1126" 3 4 2 6
"1127" 8 2 1 9
"1128" 1 3 5 2
"1129" 1 2 5 2
"1130" 1 3 5 2
"1131" 3 4 4 7
"1132" 4 3 2 5
"1133" 6 2 5 3
"1134" 5 2 7 6
"1135" 6 2 5 3
"1136" 8 2 1 3
"1137" 9 1 3 8
"1138" 8 2 5 3
"1139" 4 2 7 10
"1140" 3 4 4 7
"1141" 5 2 7 6
"1142" 6 2 5 3
"1143" 3 3 2 7
"1144" 9 1 3 8
"1145" 6 2 5 3
"1146" 1 3 2 2
"1147" 3 4 4 7
"1148" 3 4 4 7
"1149" 4 3 2 5
"1150" 5 2 7 6
"1151" 3 4 4 7
"1152" 6 2 5 3
"1153" 1 3 2 2
"1154" 1 3 2 7
"1155" 7 1 3 8
"1156" 6 2 5 3
"1157" 3 4 4 9
"1158" 4 3 2 5
"1159" 9 1 3 8
"1160" 8 2 7 9
"1161" 4 3 2 5
"1162" 7 1 6 4
"1163" 6 2 5 3
"1164" 8 2 1 9
"1165" 1 3 5 2
"1166" 8 2 1 3
"1167" 6 3 5 2
"1168" 8 2 1 9
"1169" 1 2 5 2
"1170" 1 2 5 2
"1171" 6 2 5 3
"1172" 7 1 1 4
"1173" 3 4 4 7
"1174" 5 2 7 6
"1175" 3 4 4 7
"1176" 9 1 3 8
"1177" 8 2 1 3
"1178" 4 3 2 10
"1179" 6 2 5 3
"1180" 7 1 6 4
"1181" 4 3 7 6
"1182" 3 4 4 7
"1183" 8 2 1 3
"1184" 4 3 2 5
"1185" 9 1 3 8
"1186" 1 3 5 2
"1187" 6 2 5 3
"1188" 8 2 1 4
"1189" 3 4 4 7
"1190" 8 2 7 6
"1191" 8 2 7 6
"1192" 3 2 7 9
"1193" 8 2 1 3
"1194" 6 2 5 3
"1195" 8 2 1 6
"1196" 3 4 4 7
"1197" 6 2 5 3
"1198" 8 2 1 9
"1199" 6 2 5 2
"1200" 4 3 5 2
"1201" 6 2 5 3
"1202" 1 3 2 2
"1203" 4 3 2 5
"1204" 3 4 4 7
"1205" 1 3 2 2
"1206" 8 2 1 4
"1207" 5 2 7 10
"1208" 3 4 4 7
"1209" 4 3 7 5
"1210" 8 2 1 3
"1211" 6 2 5 3
"1212" 8 2 7 9
"1213" 9 1 3 8
"1214" 8 2 1 9
"1215" 8 2 1 9
"1216" 5 2 7 6
"1217" 6 2 5 3
"1218" 7 1 6 4
"1219" 1 3 5 2
"1220" 4 3 2 5
"1221" 3 4 4 7
"1222" 9 1 3 8
"1223" 8 2 1 9
"1224" 4 3 2 5
"1225" 4 3 2 5
"1226" 2 1 6 4
"1227" 6 2 5 10
"1228" 8 1 1 4
"1229" 6 2 5 3
"1230" 4 3 2 5
"1231" 8 2 1 4
"1232" 1 3 5 2
"1233" 1 2 5 2
"1234" 1 3 2 2
"1235" 4 3 2 5
"1236" 8 2 1 4
"1237" 3 2 5 7
"1238" 9 1 3 8
"1239" 8 2 1 9
"1240" 9 1 3 8
"1241" 6 2 5 3
"1242" 4 3 2 5
"1243" 3 4 4 7
"1244" 9 1 3 8
"1245" 1 3 5 2
"1246" 4 3 2 5
"1247" 3 4 4 7
"1248" 8 2 1 9
"1249" 8 2 7 6
"1250" 3 4 4 7
"1251" 8 2 1 9
"1252" 8 2 7 6
"1253" 4 3 2 6
"1254" 3 4 4 7
"1255" 3 4 4 7
"1256" 4 3 2 5
"1257" 7 1 6 4
"1258" 1 3 2 7
"1259" 2 1 1 9
"1260" 8 2 1 6
"1261" 3 4 5 7
"1262" 3 4 4 7
"1263" 8 2 7 9
"1264" 4 3 2 5
"1265" 9 1 3 8
"1266" 4 3 2 5
"1267" 1 3 2 2
"1268" 4 3 2 5
"1269" 3 4 2 7
"1270" 3 3 2 2
"1271" 5 2 7 10
"1272" 8 2 7 6
"1273" 3 3 2 7
"1274" 7 2 1 4
"1275" 3 2 7 6
"1276" 8 2 1 6
"1277" 1 3 2 2
"1278" 2 1 6 4
"1279" 1 3 5 2
"1280" 4 3 2 7
"1281" 6 3 5 2
"1282" 7 2 1 4
"1283" 9 1 3 4
"1284" 8 2 7 9
"1285" 3 4 7 7
"1286" 2 2 1 9
"1287" 4 3 2 5
"1288" 3 3 2 5
"1289" 7 1 3 4
"1290" 3 4 4 7
"1291" 4 3 2 2
"1292" 3 2 5 7
"1293" 7 1 1 4
"1294" 4 3 2 5
"1295" 1 3 5 2
"1296" 7 1 1 4
"1297" 1 2 5 10
"1298" 6 2 5 3
"1299" 9 1 3 4
"1300" 6 2 5 3
"1301" 8 2 1 9
"1302" 4 3 2 5
"1303" 9 1 6 4
"1304" 6 2 5 3
"1305" 1 3 2 7
"1306" 4 3 7 5
"1307" 4 3 2 5
"1308" 9 1 3 8
"1309" 3 3 2 7
"1310" 9 1 3 8
"1311" 1 3 2 2
"1312" 4 3 2 5
"1313" 9 1 6 4
"1314" 6 2 5 2
"1315" 8 2 1 9
"1316" 3 4 4 7
"1317" 6 2 5 2
"1318" 8 2 1 9
"1319" 4 3 2 5
"1320" 5 2 7 6
"1321" 1 2 5 2
"1322" 3 4 4 7
"1323" 3 4 2 7
"1324" 9 1 3 8
"1325" 4 3 2 2
"1326" 1 4 5 2
"1327" 8 2 5 9
"1328" 6 2 5 3
"1329" 2 1 6 4
"1330" 1 2 5 2
"1331" 5 2 7 6
"1332" 7 1 3 4
"1333" 9 1 3 8
"1334" 7 1 6 4
"1335" 3 2 5 2
"1336" 4 3 2 5
"1337" 9 1 6 4
"1338" 6 2 5 3
"1339" 5 2 1 6
"1340" 4 2 7 10
"1341" 1 3 5 2
"1342" 1 3 5 2
"1343" 6 2 5 3
"1344" 3 4 4 7
"1345" 1 3 5 2
"1346" 8 2 1 9
"1347" 9 1 3 8
"1348" 4 3 7 5
"1349" 6 2 5 3
"1350" 4 3 2 7
"1351" 6 2 5 2
"1352" 1 2 5 2
"1353" 2 1 1 4
"1354" 6 2 5 3
"1355" 3 2 7 10
"1356" 9 1 6 4
"1357" 6 2 5 4
"1358" 9 1 3 8
"1359" 9 1 3 8
"1360" 8 2 1 3
"1361" 6 2 5 2
"1362" 2 4 1 9
"1363" 6 2 5 3
"1364" 6 2 5 3
"1365" 2 4 1 9
"1366" 4 3 2 5
"1367" 3 2 7 9
"1368" 6 2 5 3
"1369" 4 3 2 5
"1370" 8 2 5 2
"1371" 5 2 7 6
"1372" 8 2 1 4
"1373" 8 2 1 9
"1374" 8 2 1 3
"1375" 3 3 2 5
"1376" 8 2 1 9
"1377" 3 4 4 7
"1378" 3 3 4 7
"1379" 4 3 7 5
"1380" 7 1 6 4
"1381" 2 1 6 4
"1382" 2 1 1 9
"1383" 6 2 5 3
"1384" 4 3 2 5
"1385" 7 1 6 4
"1386" 6 2 5 2
"1387" 9 1 3 8
"1388" 1 2 5 2
"1389" 8 4 1 9
"1390" 4 3 7 10
"1391" 7 1 6 4
"1392" 1 2 5 2
"1393" 7 1 6 4
"1394" 3 4 4 7
"1395" 4 3 2 5
"1396" 9 1 3 8
"1397" 8 2 1 9
"1398" 9 1 6 4
"1399" 9 1 3 8
"1400" 7 4 1 4
"1401" 4 3 2 5
"1402" 4 2 7 10
"1403" 5 2 7 6
"1404" 8 4 1 9
"1405" 1 3 2 2
"1406" 7 1 6 4
"1407" 2 1 6 4
"1408" 6 2 5 3
"1409" 4 3 2 5
"1410" 2 4 1 9
"1411" 6 2 5 3
"1412" 2 1 1 9
"1413" 5 2 7 6
"1414" 4 3 2 5
"1415" 3 4 4 7
"1416" 4 3 2 5
"1417" 3 4 5 7
"1418" 1 3 2 2
"1419" 6 2 5 3
"1420" 3 4 2 2
"1421" 6 2 5 3
"1422" 6 2 5 3
"1423" 7 1 1 4
"1424" 7 1 6 4
"1425" 9 1 6 4
"1426" 1 3 2 7
"1427" 6 2 5 3
"1428" 5 2 7 6
"1429" 4 3 2 5
"1430" 7 1 6 4
"1431" 9 1 3 8
"1432" 4 2 7 10
"1433" 3 4 4 7
"1434" 8 2 1 4
"1435" 9 1 3 8
"1436" 7 1 6 8
"1437" 1 3 5 2
"1438" 9 1 3 8
"1439" 2 4 1 9
"1440" 5 2 7 6
"1441" 8 2 7 9
"1442" 1 2 5 10
"1443" 8 2 5 9
"1444" 3 2 7 9
"1445" 6 2 5 3
"1446" 9 1 3 4
"1447" 5 2 7 10
"1448" 1 3 2 2
"1449" 4 3 2 2
"1450" 4 3 2 5
"1451" 1 3 5 2
"1452" 2 2 1 9
"1453" 8 2 1 9
"1454" 8 2 1 9
"1455" 7 1 6 4
"1456" 3 4 4 7
"1457" 6 2 5 3
"1458" 7 1 6 4
"1459" 5 2 7 6
"1460" 6 2 5 3
"1461" 9 1 3 8
"1462" 3 4 4 7
"1463" 3 2 5 2
"1464" 6 2 5 3
"1465" 9 1 6 4
"1466" 4 3 2 5
"1467" 8 2 1 3
"1468" 8 2 1 9
"1469" 4 3 2 5
"1470" 4 3 2 5
"1471" 5 2 7 6
"1472" 4 3 2 5
"1473" 9 1 3 8
"1474" 9 1 3 8
"1475" 3 4 4 7
"1476" 7 1 6 4
"1477" 6 2 5 3
"1478" 3 4 4 7
"1479" 5 2 7 6
"1480" 6 2 5 10
"1481" 4 3 2 5
"1482" 1 3 2 2
"1483" 3 4 4 7
"1484" 8 2 5 3
"1485" 7 2 1 4
"1486" 4 3 7 10
"1487" 1 3 2 9
"1488" 1 3 5 2
"1489" 8 2 1 9
"1490" 6 2 5 3
"1491" 8 2 1 9
"1492" 3 4 4 7
"1493" 4 3 7 10
"1494" 6 2 5 3
"1495" 9 1 3 8
"1496" 7 1 6 4
"1497" 7 2 1 4
"1498" 1 3 5 2
"1499" 1 3 5 2
"1500" 6 2 5 3
"1501" 7 1 6 4
"1502" 4 3 2 2
"1503" 7 1 3 8
"1504" 2 4 1 4
"1505" 8 2 1 3
"1506" 1 3 5 2
"1507" 8 2 7 9
"1508" 1 3 2 5
"1509" 5 2 7 6
"1510" 8 2 1 4
"1511" 4 3 2 5
"1512" 4 3 5 10
"1513" 1 3 2 7
"1514" 4 2 5 10
"1515" 8 4 1 9
"1516" 7 1 6 4
"1517" 4 3 2 2
"1518" 4 3 2 5
"1519" 4 3 7 5
"1520" 4 3 2 5
"1521" 1 3 2 2
"1522" 1 3 2 2
"1523" 1 3 2 2
"1524" 4 3 2 5
"1525" 8 2 1 4
"1526" 5 2 7 6
"1527" 3 4 2 7
"1528" 8 2 1 9
"1529" 8 2 1 3
"1530" 3 4 4 7
"1531" 7 1 1 4
"1532" 6 2 5 3
"1533" 3 4 4 7
"1534" 3 4 4 7
"1535" 4 3 2 5
"1536" 5 2 5 3
"1537" 1 2 5 3
"1538" 4 3 2 5
"1539" 6 2 5 3
"1540" 7 1 6 4
"1541" 6 2 5 3
"1542" 8 2 7 6
"1543" 7 1 6 4
"1544" 9 1 3 8
"1545" 4 3 2 10
"1546" 1 3 5 2
"1547" 6 3 5 2
"1548" 1 3 5 2
"1549" 3 4 4 7
"1550" 8 2 1 9
"1551" 9 1 3 8
"1552" 4 3 2 5
"1553" 3 3 2 5
"1554" 3 4 4 7
"1555" 7 1 6 4
"1556" 6 2 5 3
"1557" 4 2 7 10
"1558" 1 2 5 2
"1559" 1 3 2 2
"1560" 8 2 1 3
"1561" 3 2 7 9
"1562" 3 4 4 7
"1563" 7 1 6 4
"1564" 1 3 2 2
"1565" 3 4 2 7
"1566" 1 3 2 7
"1567" 5 2 7 6
"1568" 3 4 4 7
"1569" 9 1 3 8
"1570" 4 2 5 2
"1571" 9 1 3 8
"1572" 5 2 7 6
"1573" 6 2 5 2
"1574" 7 1 6 4
"1575" 6 2 5 2
"1576" 7 1 1 4
"1577" 8 2 1 3
"1578" 8 2 1 9
"1579" 3 4 4 7
"1580" 8 2 5 3
"1581" 9 1 3 8
"1582" 4 3 7 10
"1583" 9 1 3 8
"1584" 8 2 5 3
"1585" 9 1 3 8
"1586" 1 3 2 2
"1587" 4 3 2 2
"1588" 4 2 7 10
"1589" 1 3 5 2
"1590" 8 2 1 4
"1591" 7 1 6 4
"1592" 4 3 2 5
"1593" 5 2 7 6
"1594" 8 2 1 3
"1595" 4 3 2 2
"1596" 7 1 6 4
"1597" 3 3 2 7
"1598" 4 3 2 2
"1599" 5 2 7 6
"1600" 8 2 1 3
"1601" 1 3 5 2
"1602" 1 2 5 2
"1603" 8 2 1 9
"1604" 9 1 3 8
"1605" 3 4 4 7
"1606" 8 2 1 3
"1607" 2 4 1 6
"1608" 3 4 4 7
"1609" 9 1 3 8
"1610" 6 2 5 3
"1611" 8 2 1 9
"1612" 6 2 5 2
"1613" 4 3 2 5
"1614" 9 1 3 8
"1615" 8 2 1 3
"1616" 3 4 2 7
"1617" 8 2 7 6
"1618" 4 3 2 2
"1619" 1 2 5 2
"1620" 9 1 3 8
"1621" 2 4 4 7
"1622" 4 3 2 5
"1623" 9 1 3 8
"1624" 6 2 5 3
"1625" 4 3 2 5
"1626" 8 2 1 9
"1627" 9 1 3 8
"1628" 8 2 1 9
"1629" 6 2 5 3
"1630" 3 4 4 7
"1631" 9 1 3 4
"1632" 6 2 5 2
"1633" 9 1 6 4
"1634" 8 2 7 6
"1635" 8 2 1 3
"1636" 3 4 4 7
"1637" 4 3 2 5
"1638" 2 4 4 7
"1639" 4 3 7 10
"1640" 8 2 1 3
"1641" 3 4 4 9
"1642" 8 2 1 9
"1643" 1 3 5 2
"1644" 4 2 7 10
"1645" 3 4 4 7
"1646" 9 1 6 4
"1647" 4 3 7 5
"1648" 5 2 7 6
"1649" 5 2 7 6
"1650" 6 2 5 3
"1651" 8 2 1 4
"1652" 8 2 1 3
"1653" 8 2 1 6
"1654" 6 2 5 3
"1655" 1 3 5 2
"1656" 9 1 3 8
"1657" 4 3 7 10
"1658" 8 2 1 9
"1659" 8 2 1 9
"1660" 4 3 2 5
"1661" 8 2 1 6
"1662" 1 3 2 2
"1663" 2 1 1 9
"1664" 2 4 1 9
"1665" 4 3 2 2
"1666" 2 1 6 4
"1667" 6 2 5 3
"1668" 9 1 3 8
"1669" 5 2 7 6
"1670" 4 3 2 5
"1671" 5 2 7 6
"1672" 5 2 7 6
"1673" 8 2 1 9
"1674" 1 3 2 2
"1675" 1 3 5 2
"1676" 1 2 5 2
"1677" 9 1 3 8
"1678" 5 2 7 6
"1679" 6 2 5 9
"1680" 3 4 2 7
"1681" 9 1 3 8
"1682" 7 1 6 4
"1683" 6 2 5 3
"1684" 3 4 4 7
"1685" 1 3 2 2
"1686" 7 1 6 4
"1687" 3 4 2 7
"1688" 4 3 2 5
"1689" 4 3 2 5
"1690" 2 1 6 4
"1691" 8 2 1 3
"1692" 1 3 5 2
"1693" 6 2 5 2
"1694" 9 1 3 8
"1695" 8 2 1 6
"1696" 3 3 2 7
"1697" 9 1 3 8
"1698" 6 2 5 3
"1699" 1 2 5 2
"1700" 9 1 3 8
"1701" 9 1 3 8
"1702" 9 1 6 4
"1703" 1 3 2 2
"1704" 4 3 2 2
"1705" 2 1 1 9
"1706" 5 2 7 6
"1707" 8 2 1 3
"1708" 8 2 1 3
"1709" 1 3 2 2
"1710" 9 1 3 8
"1711" 3 4 4 7
"1712" 8 2 1 4
"1713" 3 4 4 7
"1714" 1 2 5 2
"1715" 4 3 7 10
"1716" 9 1 3 8
"1717" 2 4 1 9
"1718" 6 2 5 3
"1719" 7 1 6 4
"1720" 1 3 2 2
"1721" 3 4 2 7
"1722" 4 3 5 2
"1723" 3 4 2 7
"1724" 1 3 2 2
"1725" 3 2 7 2
"1726" 3 4 2 7
"1727" 4 3 2 7
"1728" 5 2 7 6
"1729" 1 3 5 10
"1730" 5 2 7 6
"1731" 4 3 2 5
"1732" 6 2 5 3
"1733" 2 4 1 9
"1734" 1 3 5 2
"1735" 9 1 3 8
"1736" 4 3 7 10
"1737" 8 2 7 9
"1738" 4 3 2 5
"1739" 6 3 5 2
"1740" 9 1 3 8
"1741" 3 4 2 7
"1742" 5 2 7 6
"1743" 4 3 2 7
"1744" 8 2 1 3
"1745" 5 2 7 6
"1746" 2 1 6 4
"1747" 7 1 6 4
"1748" 9 1 3 8
"1749" 6 2 5 2
"1750" 6 2 5 3
"1751" 1 3 2 2
"1752" 2 4 4 7
"1753" 5 2 7 10
"1754" 3 4 4 7
"1755" 7 1 1 4
"1756" 6 2 5 3
"1757" 4 4 2 5
"1758" 3 3 2 7
"1759" 3 4 2 7
"1760" 7 1 6 4
"1761" 4 3 2 7
"1762" 6 2 5 3
"1763" 2 1 6 4
"1764" 4 4 2 7
"1765" 5 2 7 6
"1766" 6 2 5 2
"1767" 3 4 2 7
"1768" 1 3 2 7
"1769" 9 1 3 8
"1770" 2 4 4 7
"1771" 5 2 7 6
"1772" 7 1 1 4
"1773" 9 1 3 8
"1774" 9 1 6 4
"1775" 1 3 5 2
"1776" 6 2 5 3
"1777" 4 3 2 2
"1778" 8 2 1 3
"1779" 4 2 7 6
"1780" 7 1 6 4
"1781" 6 2 5 3
"1782" 1 2 5 7
"1783" 9 1 3 8
"1784" 1 2 5 3
"1785" 8 2 1 3
"1786" 1 2 5 10
"1787" 6 2 5 3
"1788" 9 1 3 8
"1789" 4 3 5 10
"1790" 5 2 7 6
"1791" 9 1 3 8
"1792" 2 1 1 3
"1793" 3 4 2 7
"1794" 5 2 7 6
"1795" 9 1 6 4
"1796" 1 3 5 10
"1797" 8 2 1 9
"1798" 7 1 6 4
"1799" 3 4 4 7
"1800" 4 3 2 5
"1801" 7 1 1 4
"1802" 3 4 4 7
"1803" 7 1 6 4
"1804" 7 1 3 8
"1805" 9 1 3 8
"1806" 1 3 5 2
"1807" 1 3 2 2
"1808" 3 4 4 7
"1809" 5 2 7 3
"1810" 2 4 1 9
"1811" 7 1 6 4
"1812" 2 4 1 9
"1813" 6 2 5 3
"1814" 8 2 1 6
"1815" 3 4 4 7
"1816" 3 4 4 7
"1817" 1 4 2 7
"1818" 1 2 5 2
"1819" 6 2 5 3
"1820" 1 3 5 7
"1821" 6 2 5 3
"1822" 5 2 7 6
"1823" 5 2 7 6
"1824" 6 2 5 3
"1825" 2 4 1 6
"1826" 8 2 1 6
"1827" 3 4 2 7
"1828" 4 3 7 5
"1829" 8 2 7 9
"1830" 8 2 1 2
"1831" 7 1 6 4
"1832" 2 1 3 8
"1833" 5 2 7 5
"1834" 1 2 5 2
"1835" 9 1 3 8
"1836" 4 3 2 2
"1837" 7 1 6 4
"1838" 7 1 6 4
"1839" 3 2 7 9
"1840" 1 2 5 2
"1841" 4 3 7 10
"1842" 7 1 6 4
"1843" 8 2 7 6
"1844" 8 2 5 9
"1845" 1 3 2 2
"1846" 1 3 2 2
"1847" 8 2 7 6
"1848" 4 3 2 5
"1849" 6 2 5 3
"1850" 8 2 1 3
"1851" 3 4 4 7
"1852" 1 3 5 2
"1853" 1 3 5 2
"1854" 7 1 6 4
"1855" 5 2 7 6
"1856" 6 2 5 3
"1857" 5 2 7 6
"1858" 3 4 4 7
"1859" 8 2 1 6
"1860" 8 2 7 9
"1861" 5 2 7 6
"1862" 6 2 5 3
"1863" 4 3 2 5
"1864" 6 2 5 3
"1865" 8 2 7 9
"1866" 2 1 1 4
"1867" 3 3 2 7
"1868" 9 1 3 8
"1869" 1 3 2 5
"1870" 1 3 2 2
"1871" 3 4 4 7
"1872" 5 2 7 6
"1873" 8 2 1 9
"1874" 8 2 1 9
"1875" 9 1 3 8
"1876" 8 2 7 9
"1877" 3 4 4 7
"1878" 8 2 1 6
"1879" 3 4 4 7
"1880" 2 4 1 9
"1881" 5 2 5 3
"1882" 7 1 6 4
"1883" 1 2 5 10
"1884" 8 2 1 9
"1885" 5 2 7 6
"1886" 4 3 2 5
"1887" 4 3 2 5
"1888" 9 1 3 8
"1889" 1 3 5 2
"1890" 8 2 5 3
"1891" 1 3 2 2
"1892" 4 3 2 2
"1893" 2 1 1 4
"1894" 3 3 2 7
"1895" 5 2 7 6
"1896" 1 3 5 2
"1897" 8 2 5 3
"1898" 6 2 5 3
"1899" 8 2 1 3
"1900" 7 1 6 4
"1901" 3 2 7 6
"1902" 4 3 7 10
"1903" 6 2 5 3
"1904" 6 2 5 3
"1905" 3 4 2 7
"1906" 6 2 5 3
"1907" 1 3 5 2
"1908" 7 1 6 4
"1909" 4 3 2 5
"1910" 2 1 1 9
"1911" 5 2 7 6
"1912" 8 2 1 9
"1913" 5 2 7 6
"1914" 7 1 3 8
"1915" 4 3 2 5
"1916" 8 2 1 4
"1917" 4 3 2 5
"1918" 9 1 3 8
"1919" 1 3 2 2
"1920" 4 3 2 5
"1921" 8 2 7 6
"1922" 9 1 3 8
"1923" 4 3 2 5
"1924" 6 2 5 2
"1925" 7 1 6 4
"1926" 5 2 7 6
"1927" 5 2 7 6
"1928" 4 3 2 10
"1929" 9 1 3 8
"1930" 7 1 6 4
"1931" 1 3 2 2
"1932" 2 4 1 9
"1933" 1 3 2 2
"1934" 3 4 4 7
"1935" 7 1 6 4
"1936" 4 3 5 2
"1937" 3 4 4 7
"1938" 3 4 4 7
"1939" 4 3 2 7
"1940" 6 2 5 3
"1941" 8 2 5 3
"1942" 9 1 3 8
"1943" 1 3 2 2
"1944" 5 2 7 6
"1945" 4 3 7 10
"1946" 4 3 2 2
"1947" 9 1 3 8
"1948" 6 2 5 2
"1949" 3 4 4 7
"1950" 4 3 2 5
"1951" 5 2 7 6
"1952" 5 2 7 6
"1953" 3 2 7 6
"1954" 9 1 3 8
"1955" 4 3 2 2
"1956" 8 2 1 3
"1957" 2 4 1 4
"1958" 8 2 1 3
"1959" 7 1 6 4
"1960" 9 1 6 4
"1961" 8 2 1 3
"1962" 6 2 5 3
"1963" 8 2 5 3
"1964" 5 2 7 6
"1965" 5 2 7 6
"1966" 9 1 3 8
"1967" 1 3 2 2
"1968" 1 3 2 2
"1969" 5 2 7 6
"1970" 4 3 2 5
"1971" 1 3 5 2
"1972" 4 3 2 5
"1973" 4 3 7 5
"1974" 3 4 4 7
"1975" 9 1 3 8
"1976" 7 1 6 4
"1977" 6 2 5 3
"1978" 1 3 2 2
"1979" 4 3 2 5
"1980" 8 2 7 9
"1981" 2 4 4 7
"1982" 3 4 4 9
"1983" 4 3 2 5
"1984" 9 1 3 8
"1985" 4 3 2 5
"1986" 8 2 7 9
"1987" 9 1 3 8
"1988" 1 3 2 2
"1989" 6 2 5 3
"1990" 9 1 3 8
"1991" 1 3 5 2
"1992" 5 2 1 6
"1993" 1 3 5 2
"1994" 4 3 2 2
"1995" 3 4 2 7
"1996" 7 1 6 4
"1997" 4 3 2 5
"1998" 8 2 7 6
"1999" 9 1 3 8
"2000" 5 2 7 6
"2001" 7 1 6 4
"2002" 7 1 1 4
"2003" 5 2 7 6
"2004" 5 2 7 6
"2005" 7 1 6 4
"2006" 9 1 3 8
"2007" 1 3 2 2
"2008" 6 2 5 3
"2009" 3 4 4 7
"2010" 7 1 6 4
"2011" 7 1 6 4
"2012" 7 1 6 4
"2013" 1 3 5 2
"2014" 6 2 5 3
"2015" 6 2 5 2
"2016" 3 2 7 10
"2017" 4 3 7 5
"2018" 6 2 5 3
"2019" 9 1 3 8
"2020" 8 2 1 3
"2021" 8 2 1 3
"2022" 8 2 1 3
"2023" 6 2 5 2
"2024" 9 1 3 8
"2025" 1 3 2 2
"2026" 8 2 5 2
"2027" 8 2 1 9
"2028" 4 3 7 10
"2029" 9 1 6 4
"2030" 8 2 1 6
"2031" 3 3 2 7
"2032" 6 2 5 3
"2033" 8 2 1 3
"2034" 3 4 2 7
"2035" 7 2 1 9
"2036" 8 2 1 3
"2037" 8 2 1 3
"2038" 9 1 6 4
"2039" 3 4 2 7
"2040" 5 2 7 9
"2041" 3 4 4 7
"2042" 3 3 4 2
"2043" 3 4 4 7
"2044" 9 1 3 8
"2045" 7 2 1 4
"2046" 1 2 5 2
"2047" 8 2 1 3
"2048" 1 3 5 2
"2049" 1 3 5 2
"2050" 9 1 3 8
"2051" 3 4 4 7
"2052" 1 3 5 2
"2053" 4 3 2 5
"2054" 7 1 6 4
"2055" 1 2 5 3
"2056" 4 3 7 6
"2057" 3 4 4 7
"2058" 7 1 6 4
"2059" 8 2 5 3
"2060" 6 2 5 2
"2061" 3 2 5 7
"2062" 8 2 1 3
"2063" 4 3 2 5
"2064" 9 1 3 8
"2065" 5 2 7 6
"2066" 5 2 7 6
"2067" 5 2 1 6
"2068" 9 1 3 8
"2069" 4 3 2 5
"2070" 9 1 3 8
"2071" 8 2 1 9
"2072" 2 1 1 4
"2073" 4 3 2 5
"2074" 3 3 5 5
"2075" 7 1 1 4
"2076" 4 3 2 5
"2077" 7 1 3 8
"2078" 4 3 2 5
"2079" 8 2 5 3
"2080" 7 1 6 4
"2081" 9 1 3 8
"2082" 4 3 2 5
"2083" 9 1 3 8
"2084" 1 3 5 2
"2085" 4 3 7 10
"2086" 3 2 7 9
"2087" 9 1 6 4
"2088" 9 1 3 8
"2089" 4 3 2 5
"2090" 1 3 2 2
"2091" 5 2 7 6
"2092" 3 4 4 7
"2093" 4 3 7 6
"2094" 5 2 7 6
"2095" 1 3 5 2
"2096" 8 2 1 3
"2097" 2 4 1 9
"2098" 4 3 2 5
"2099" 3 4 4 7
"2100" 2 1 6 4
"2101" 8 2 1 3
"2102" 1 2 5 2
"2103" 5 2 7 10
"2104" 8 2 7 6
"2105" 8 2 1 4
"2106" 4 3 5 10
"2107" 3 3 5 2
"2108" 6 2 5 3
"2109" 4 3 2 2
"2110" 4 2 7 10
"2111" 8 2 1 3
"2112" 4 3 2 5
"2113" 4 3 2 2
"2114" 8 1 1 4
"2115" 1 3 5 2
"2116" 7 1 6 4
"2117" 4 3 7 5
"2118" 9 1 6 4
"2119" 6 2 5 3
"2120" 4 3 2 2
"2121" 3 2 5 2
"2122" 7 1 3 4
"2123" 4 3 2 5
"2124" 9 1 6 4
"2125" 1 3 2 7
"2126" 1 2 5 2
"2127" 4 3 2 5
"2128" 2 1 3 4
"2129" 9 1 3 8
"2130" 8 2 1 4
"2131" 9 1 3 8
"2132" 1 2 5 3
"2133" 6 2 5 3
"2134" 9 1 3 8
"2135" 5 2 7 6
"2136" 8 2 1 9
"2137" 9 1 3 8
"2138" 2 4 1 9
"2139" 5 2 7 6
"2140" 4 3 2 5
"2141" 8 2 1 9
"2142" 3 4 4 7
"2143" 2 1 1 4
"2144" 3 4 4 9
"2145" 9 1 6 4
"2146" 4 3 2 5
"2147" 1 2 5 2
"2148" 6 2 5 3
"2149" 1 2 5 9
"2150" 1 3 2 2
"2151" 4 2 7 10
"2152" 4 3 7 5
"2153" 5 2 7 6
"2154" 3 4 4 7
"2155" 1 2 5 2
"2156" 3 4 2 7
"2157" 9 1 3 8
"2158" 4 3 7 5
"2159" 5 2 5 3
"2160" 5 2 7 6
"2161" 8 2 1 9
"2162" 4 3 7 5
"2163" 9 1 6 4
"2164" 7 1 6 4
"2165" 3 4 4 7
"2166" 4 3 2 5
"2167" 4 3 2 5
"2168" 4 3 2 5
"2169" 8 2 1 4
"2170" 8 2 1 4
"2171" 1 2 5 2
"2172" 6 2 5 3
"2173" 9 1 3 8
"2174" 4 3 7 5
"2175" 6 2 5 10
"2176" 2 4 1 9
"2177" 4 3 2 5
"2178" 2 1 6 4
"2179" 5 2 7 6
"2180" 4 3 2 5
"2181" 8 2 1 4
"2182" 7 1 6 4
"2183" 6 2 5 2
"2184" 6 2 5 2
"2185" 4 2 7 10
"2186" 9 1 3 8
"2187" 9 1 3 8
"2188" 5 2 5 6
"2189" 9 1 3 8
"2190" 8 4 1 9
"2191" 1 2 5 3
"2192" 7 1 6 4
"2193" 1 3 2 2
"2194" 1 2 5 10
"2195" 7 1 6 4
"2196" 4 3 7 10
"2197" 7 1 6 4
"2198" 6 2 5 3
"2199" 8 4 1 3
"2200" 2 4 1 9
"2201" 5 2 5 2
"2202" 1 3 2 2
"2203" 3 2 7 10
"2204" 4 3 2 5
"2205" 3 4 5 7
"2206" 5 2 7 6
"2207" 3 2 2 5
"2208" 6 2 5 3
"2209" 6 2 5 3
"2210" 4 3 2 5
"2211" 8 2 1 9
"2212" 8 2 1 3
"2213" 5 3 7 6
"2214" 4 3 2 2
"2215" 4 3 7 10
"2216" 4 3 2 5
"2217" 9 1 3 8
"2218" 9 1 3 8
"2219" 5 2 7 6
"2220" 2 2 1 9
"2221" 1 3 5 2
"2222" 5 2 7 6
"2223" 5 2 7 6
"2224" 1 2 5 7
"2225" 9 1 3 8
"2226" 8 2 1 6
"2227" 4 3 5 2
"2228" 4 3 2 5
"2229" 4 3 2 5
"2230" 3 4 4 7
"2231" 9 1 3 8
"2232" 3 2 5 2
"2233" 4 3 7 10
"2234" 6 2 5 3
"2235" 2 4 1 6
"2236" 8 2 5 3
"2237" 8 2 1 3
"2238" 7 1 6 4
"2239" 9 1 3 8
"2240" 2 4 1 9
"2241" 8 2 1 3
"2242" 7 1 6 4
"2243" 5 2 7 6
"2244" 8 2 1 9
"2245" 4 3 2 5
"2246" 8 2 7 3
"2247" 8 4 1 9
"2248" 3 4 4 9
"2249" 9 1 3 8
"2250" 9 1 3 8
"2251" 3 4 2 7
"2252" 5 2 7 10
"2253" 5 2 5 6
"2254" 3 3 2 5
"2255" 6 2 5 3
"2256" 6 2 5 2
"2257" 9 1 3 8
"2258" 1 2 5 2
"2259" 6 3 5 2
"2260" 4 2 5 5
"2261" 4 3 2 5
"2262" 4 3 2 5
"2263" 6 2 5 3
"2264" 7 1 6 4
"2265" 9 1 3 8
"2266" 3 2 5 2
"2267" 4 3 2 5
"2268" 1 3 5 2
"2269" 3 4 2 7
"2270" 6 2 5 3
"2271" 4 3 2 5
"2272" 8 2 1 6
"2273" 4 3 2 5
"2274" 9 1 3 8
"2275" 4 3 2 5
"2276" 7 1 6 4
"2277" 9 1 3 8
"2278" 6 2 5 3
"2279" 2 1 6 4
"2280" 8 2 1 3
"2281" 4 3 2 5
"2282" 6 2 5 3
"2283" 5 2 7 6
"2284" 4 3 2 10
"2285" 4 3 2 5
"2286" 3 4 4 7
"2287" 6 2 5 3
"2288" 3 4 2 7
"2289" 6 2 5 3
"2290" 1 3 2 2
"2291" 1 3 2 2
"2292" 4 3 2 2
"2293" 3 4 4 7
"2294" 6 2 5 3
"2295" 9 1 3 8
"2296" 9 1 3 4
"2297" 4 2 7 6
"2298" 2 4 1 9
"2299" 8 2 1 9
"2300" 6 2 5 3
"2301" 1 3 2 2
"2302" 1 3 5 2
"2303" 6 2 5 3
"2304" 5 2 7 6
"2305" 6 2 5 3
"2306" 9 1 3 8
"2307" 7 1 6 4
"2308" 8 2 1 4
"2309" 8 2 1 4
"2310" 6 2 5 3
"2311" 8 2 1 9
"2312" 4 3 2 5
"2313" 4 3 2 2
"2314" 8 2 1 4
"2315" 6 2 5 2
"2316" 3 4 4 7
"2317" 3 4 4 7
"2318" 8 2 7 9
"2319" 9 1 3 8
"2320" 5 2 7 6
"2321" 9 1 3 8
"2322" 4 3 2 5
"2323" 5 2 7 6
"2324" 3 4 4 7
"2325" 2 1 6 4
"2326" 8 2 1 9
"2327" 7 1 6 4
"2328" 5 2 7 6
"2329" 7 1 6 4
"2330" 1 3 2 2
"2331" 5 2 7 6
"2332" 8 2 1 9
"2333" 8 2 1 9
"2334" 3 4 2 7
"2335" 3 4 4 7
"2336" 5 2 7 6
"2337" 8 2 7 9
"2338" 1 3 2 2
"2339" 7 1 6 8
"2340" 8 2 1 9
"2341" 9 1 3 8
"2342" 6 2 5 3
"2343" 1 2 5 2
"2344" 6 2 5 3
"2345" 5 2 7 6
"2346" 4 3 2 2
"2347" 3 4 4 7
"2348" 8 2 1 6
"2349" 3 4 4 7
"2350" 2 4 1 9
"2351" 9 1 3 8
"2352" 5 2 7 6
"2353" 4 2 7 6
"2354" 4 3 2 5
"2355" 9 1 3 8
"2356" 7 1 6 4
"2357" 8 2 1 9
"2358" 8 2 1 9
"2359" 8 2 1 4
"2360" 1 3 2 2
"2361" 6 2 5 3
"2362" 9 1 3 8
"2363" 7 1 6 4
"2364" 5 2 7 3
"2365" 9 1 3 8
"2366" 2 2 1 9
"2367" 9 1 3 8
"2368" 9 1 3 8
"2369" 7 1 6 4
"2370" 8 2 7 9
"2371" 6 2 5 3
"2372" 8 1 1 3
"2373" 8 2 1 9
"2374" 9 1 6 4
"2375" 7 1 6 4
"2376" 3 4 2 7
"2377" 6 2 5 3
"2378" 7 1 6 4
"2379" 6 2 5 2
"2380" 5 2 7 6
"2381" 9 1 3 8
"2382" 7 1 6 4
"2383" 6 2 5 3
"2384" 8 2 1 9
"2385" 8 2 1 9
"2386" 3 4 4 9
"2387" 3 4 4 7
"2388" 1 3 2 2
"2389" 8 2 1 3
"2390" 3 2 7 10
"2391" 9 1 3 8
"2392" 8 2 1 9
"2393" 3 4 4 7
"2394" 8 2 1 4
"2395" 3 3 2 7
"2396" 4 3 2 2
"2397" 3 4 2 7
"2398" 7 1 6 4
"2399" 4 3 2 2
"2400" 1 3 2 2
"2401" 6 2 5 3
"2402" 7 1 6 4
"2403" 1 3 2 7
"2404" 4 3 2 5
"2405" 1 3 5 2
"2406" 9 1 3 8
"2407" 1 3 2 2
"2408" 7 1 6 4
"2409" 8 2 7 9
"2410" 4 3 5 2
"2411" 5 2 7 6
"2412" 7 1 6 4
"2413" 8 2 1 3
"2414" 4 3 2 5
"2415" 8 2 1 9
"2416" 4 3 2 5
"2417" 3 4 4 7
"2418" 7 1 1 4
"2419" 7 1 6 4
"2420" 2 4 4 7
"2421" 1 3 5 2
"2422" 6 2 5 3
"2423" 1 3 2 2
"2424" 7 1 6 4
"2425" 7 1 6 4
"2426" 4 3 2 10
"2427" 9 1 3 8
"2428" 6 2 5 3
"2429" 5 2 1 6
"2430" 3 3 4 7
"2431" 3 4 4 7
"2432" 9 1 3 8
"2433" 1 3 5 2
"2434" 6 2 5 3
"2435" 1 4 2 7
"2436" 4 3 2 5
"2437" 7 1 6 4
"2438" 1 3 5 2
"2439" 3 2 5 10
"2440" 7 1 6 4
"2441" 3 4 4 7
"2442" 5 2 7 6
"2443" 2 1 6 4
"2444" 4 3 2 2
"2445" 7 1 6 4
"2446" 5 2 7 6
"2447" 8 2 7 9
"2448" 3 2 7 10
"2449" 4 3 2 2
"2450" 4 3 7 5
"2451" 3 4 4 7
"2452" 1 2 7 10
"2453" 9 1 6 4
"2454" 6 2 5 3
"2455" 4 3 7 10
"2456" 6 2 5 3
"2457" 1 3 2 2
"2458" 4 3 2 5
"2459" 4 3 2 5
"2460" 7 1 6 4
"2461" 1 3 2 2
"2462" 6 2 5 3
"2463" 1 3 5 2
"2464" 6 2 5 3
"2465" 8 2 7 9
"2466" 4 3 5 5
"2467" 9 1 3 4
"2468" 8 2 1 4
"2469" 6 2 5 3
"2470" 1 3 2 2
"2471" 6 2 5 3
"2472" 8 2 1 3
"2473" 3 4 2 7
"2474" 8 2 1 3
"2475" 8 2 1 3
"2476" 8 2 1 9
"2477" 1 3 5 2
"2478" 1 3 2 2
"2479" 1 3 2 2
"2480" 6 2 5 3
"2481" 1 3 5 2
"2482" 3 4 5 7
"2483" 1 3 2 2
"2484" 5 2 7 6
"2485" 1 3 2 2
"2486" 9 1 3 8
"2487" 8 2 1 6
"2488" 1 3 2 2
"2489" 8 2 1 3
"2490" 4 3 2 5
"2491" 9 1 3 8
"2492" 6 2 5 3
"2493" 6 2 5 2
"2494" 5 2 7 6
"2495" 5 2 7 6
"2496" 9 1 3 4
"2497" 3 4 4 9
"2498" 6 2 5 3
"2499" 4 3 2 2
"2500" 3 4 4 7
"2501" 4 3 7 5
"2502" 1 3 5 2
"2503" 4 2 7 10
"2504" 3 4 4 7
"2505" 9 1 3 8
"2506" 3 4 4 7
"2507" 3 4 4 7
"2508" 8 2 1 9
"2509" 9 1 6 4
"2510" 2 4 4 7
"2511" 5 2 7 5
"2512" 1 3 5 2
"2513" 9 1 3 8
"2514" 3 4 4 9
"2515" 9 1 3 8
"2516" 1 3 2 2
"2517" 4 3 2 5
"2518" 6 2 5 3
"2519" 3 4 4 7
"2520" 1 3 2 2
"2521" 4 3 2 5
"2522" 1 2 5 2
"2523" 8 2 7 6
"2524" 1 3 5 2
"2525" 4 2 7 6
"2526" 3 4 4 7
"2527" 8 2 1 6
"2528" 4 3 2 5
"2529" 8 2 5 3
"2530" 8 2 1 4
"2531" 8 2 7 9
"2532" 8 2 1 3
"2533" 4 3 2 5
"2534" 8 2 1 3
"2535" 5 2 7 6
"2536" 5 2 7 6
"2537" 8 2 1 3
"2538" 1 3 2 2
"2539" 4 2 7 10
"2540" 9 1 3 8
"2541" 1 3 5 2
"2542" 3 4 2 7
"2543" 9 1 3 8
"2544" 9 1 3 8
"2545" 8 2 1 3
"2546" 8 2 7 9
"2547" 6 2 5 3
"2548" 8 2 1 4
"2549" 2 2 1 9
"2550" 1 2 5 2
"2551" 1 3 2 2
"2552" 3 3 2 2
"2553" 8 2 5 3
"2554" 8 2 7 6
"2555" 4 3 7 10
"2556" 7 4 1 4
"2557" 5 2 7 6
"2558" 8 2 1 6
"2559" 9 1 3 8
"2560" 4 3 2 2
"2561" 6 2 5 3
"2562" 3 3 2 7
"2563" 7 1 6 4
"2564" 9 1 6 4
"2565" 6 2 5 2
"2566" 4 3 2 5
"2567" 4 3 2 5
"2568" 6 2 5 3
"2569" 1 3 2 2
"2570" 4 3 5 10
"2571" 4 3 2 5
"2572" 4 3 2 5
"2573" 2 1 6 4
"2574" 5 2 7 6
"2575" 5 2 7 6
"2576" 4 3 2 5
"2577" 5 2 7 6
"2578" 7 1 6 4
"2579" 9 1 6 4
"2580" 8 2 7 9
"2581" 6 2 5 4
"2582" 1 3 5 3
"2583" 7 1 1 4
"2584" 9 1 3 8
"2585" 4 3 7 5
"2586" 7 1 6 4
"2587" 5 2 7 6
"2588" 4 3 2 2
"2589" 9 1 3 4
"2590" 1 2 5 2
"2591" 7 2 1 4
"2592" 6 2 5 3
"2593" 7 1 6 4
"2594" 6 2 5 3
"2595" 7 1 6 4
"2596" 3 4 4 7
"2597" 4 3 2 5
"2598" 7 1 6 4
"2599" 5 2 7 6
"2600" 2 4 4 7
"2601" 3 3 4 5
"2602" 3 4 4 7
"2603" 6 2 5 3
"2604" 6 2 5 3
"2605" 8 2 1 9
"2606" 4 3 2 5
"2607" 6 2 5 10
"2608" 7 1 6 4
"2609" 8 2 1 6
"2610" 1 3 5 2
"2611" 9 1 3 8
"2612" 9 1 3 8
"2613" 9 1 3 8
"2614" 9 1 3 8
"2615" 1 3 2 2
"2616" 8 2 1 3
"2617" 3 4 4 7
"2618" 2 1 1 4
"2619" 8 2 7 9
"2620" 9 1 3 8
"2621" 4 3 2 5
"2622" 8 2 5 9
"2623" 4 3 2 2
"2624" 7 2 1 9
"2625" 6 2 5 3
"2626" 5 2 7 6
"2627" 3 4 4 7
"2628" 9 1 6 4
"2629" 4 3 2 5
"2630" 5 2 7 6
"2631" 6 2 5 3
"2632" 3 4 4 7
"2633" 8 2 1 3
"2634" 5 2 7 6
"2635" 5 2 7 6
"2636" 4 3 2 5
"2637" 5 2 7 6
"2638" 3 4 2 5
"2639" 3 2 7 9
"2640" 8 2 1 3
"2641" 8 2 1 9
"2642" 3 4 4 7
"2643" 7 1 6 4
"2644" 1 3 5 2
"2645" 5 2 7 6
"2646" 4 3 2 2
"2647" 9 1 6 4
"2648" 4 3 2 5
"2649" 7 1 6 4
"2650" 1 3 2 2
"2651" 4 3 2 5
"2652" 3 4 5 7
"2653" 4 3 2 5
"2654" 8 2 7 9
"2655" 2 1 6 4
"2656" 4 3 7 2
"2657" 3 4 4 9
"2658" 1 2 5 2
"2659" 9 1 6 4
"2660" 7 1 1 4
"2661" 4 3 2 5
"2662" 4 3 2 5
"2663" 4 3 2 10
"2664" 5 2 7 10
"2665" 3 3 4 7
"2666" 3 3 5 6
"2667" 7 1 6 4
"2668" 5 2 7 6
"2669" 6 2 5 3
"2670" 3 4 4 7
"2671" 1 3 5 2
"2672" 6 2 5 3
"2673" 7 2 1 4
"2674" 8 2 1 6
"2675" 1 3 5 2
"2676" 8 2 1 4
"2677" 4 3 2 5
"2678" 8 2 1 9
"2679" 6 2 5 3
"2680" 8 2 1 3
"2681" 8 2 1 9
"2682" 3 4 4 7
"2683" 8 2 5 6
"2684" 1 3 2 2
"2685" 8 2 1 4
"2686" 4 2 7 6
"2687" 2 4 1 9
"2688" 9 1 3 4
"2689" 9 1 3 8
"2690" 1 3 2 5
"2691" 7 1 6 8
"2692" 6 2 5 3
"2693" 4 3 5 10
"2694" 3 3 2 7
"2695" 1 2 5 2
"2696" 4 3 2 2
"2697" 9 1 6 4
"2698" 1 2 5 2
"2699" 3 2 7 9
"2700" 9 1 3 8
"2701" 8 2 1 3
"2702" 9 1 3 8
"2703" 1 3 2 2
"2704" 4 3 7 5
"2705" 4 3 2 5
"2706" 3 2 7 6
"2707" 8 2 5 3
"2708" 4 3 2 2
"2709" 7 1 6 4
"2710" 1 3 5 2
"2711" 9 1 3 8
"2712" 2 4 4 7
"2713" 8 2 7 6
"2714" 9 1 3 8
"2715" 1 3 5 2
"2716" 6 2 5 3
"2717" 7 1 6 4
"2718" 5 2 7 6
"2719" 4 3 7 10
"2720" 4 3 7 10
"2721" 8 2 7 6
"2722" 4 3 2 5
"2723" 9 1 3 8
"2724" 9 1 3 8
"2725" 4 3 7 6
"2726" 6 3 5 2
"2727" 6 2 5 3
"2728" 9 1 3 8
"2729" 9 1 3 8
"2730" 6 2 5 3
"2731" 1 3 5 2
"2732" 6 2 5 3
"2733" 3 2 5 2
"2734" 4 3 2 5
"2735" 3 4 4 7
"2736" 4 3 2 5
"2737" 4 3 2 2
"2738" 4 3 2 5
"2739" 7 1 6 4
"2740" 3 4 4 7
"2741" 8 2 7 3
"2742" 5 2 7 6
"2743" 2 1 1 4
"2744" 2 1 1 9
"2745" 7 1 6 4
"2746" 8 2 1 6
"2747" 5 2 7 6
"2748" 7 1 6 4
"2749" 1 3 5 2
"2750" 9 1 3 8
"2751" 4 2 5 6
"2752" 8 2 1 6
"2753" 7 1 6 4
"2754" 7 2 1 9
"2755" 8 2 1 3
"2756" 8 2 1 6
"2757" 3 2 5 9
"2758" 7 1 6 8
"2759" 9 1 3 8
"2760" 3 2 7 9
"2761" 9 1 3 8
"2762" 8 2 1 4
"2763" 7 1 6 4
"2764" 2 4 1 9
"2765" 8 2 1 9
"2766" 8 2 1 3
"2767" 7 1 6 4
"2768" 2 1 7 9
"2769" 9 1 6 4
"2770" 2 4 1 9
"2771" 4 3 7 10
"2772" 4 4 2 7
"2773" 9 1 3 8
"2774" 6 2 5 3
"2775" 4 3 2 5
"2776" 9 1 3 8
"2777" 1 2 5 2
"2778" 8 2 1 9
"2779" 9 1 3 8
"2780" 9 1 3 4
"2781" 5 2 7 6
"2782" 6 2 5 3
"2783" 4 3 2 5
"2784" 9 1 3 4
"2785" 9 1 3 8
"2786" 9 1 3 8
"2787" 1 3 2 2
"2788" 8 2 7 9
"2789" 4 3 2 5
"2790" 6 2 5 3
"2791" 6 2 5 10
"2792" 7 1 1 4
"2793" 4 3 2 10
"2794" 6 2 5 3
"2795" 3 4 7 6
"2796" 4 3 2 5
"2797" 1 3 5 2
"2798" 5 2 7 6
"2799" 6 2 5 3
"2800" 4 3 7 5
"2801" 7 1 6 4
"2802" 1 3 5 2
"2803" 4 3 7 5
"2804" 8 2 1 3
"2805" 7 1 6 4
"2806" 1 3 5 2
"2807" 4 3 7 10
"2808" 9 1 6 4
"2809" 8 2 7 9
"2810" 3 4 5 7
"2811" 4 3 2 5
"2812" 3 4 4 7
"2813" 5 2 7 6
"2814" 6 2 5 10
"2815" 4 3 2 5
"2816" 5 2 7 6
"2817" 8 2 1 9
"2818" 8 2 1 3
"2819" 7 1 6 4
"2820" 7 1 6 4
"2821" 7 1 6 4
"2822" 2 1 1 6
"2823" 4 3 2 5
"2824" 6 2 5 3
"2825" 9 1 6 4
"2826" 9 1 3 8
"2827" 4 3 2 5
"2828" 5 2 7 6
"2829" 6 2 5 3
"2830" 3 2 7 10
"2831" 4 3 5 2
"2832" 5 2 7 6
"2833" 8 2 7 6
"2834" 6 2 5 3
"2835" 2 4 7 9
"2836" 8 2 1 9
"2837" 9 1 3 8
"2838" 1 2 5 7
"2839" 7 1 3 8
"2840" 7 1 6 4
"2841" 7 1 1 4
"2842" 3 4 4 7
"2843" 4 3 7 10
"2844" 2 1 1 9
"2845" 9 1 6 4
"2846" 1 3 2 2
"2847" 3 4 2 7
"2848" 8 2 1 3
"2849" 4 3 2 5
"2850" 3 3 5 7
"2851" 1 3 5 2
"2852" 1 3 5 2
"2853" 1 2 5 2
"2854" 1 2 5 2
"2855" 8 2 1 9
"2856" 1 3 5 2
"2857" 3 4 2 7
"2858" 7 2 1 4
"2859" 1 3 2 2
"2860" 7 1 6 4
"2861" 4 3 7 6
"2862" 8 2 7 6
"2863" 9 1 3 8
"2864" 9 1 3 8
"2865" 9 1 6 4
"2866" 5 2 7 10
"2867" 4 3 2 2
"2868" 1 3 2 2
"2869" 1 3 2 2
"2870" 4 3 2 5
"2871" 1 3 5 2
"2872" 4 3 2 5
"2873" 2 1 6 4
"2874" 5 2 7 6
"2875" 1 2 5 2
"2876" 9 1 3 8
"2877" 7 1 6 4
"2878" 2 1 6 4
"2879" 1 3 5 2
"2880" 6 2 5 10
"2881" 6 2 5 3
"2882" 3 2 7 6
"2883" 2 4 1 7
"2884" 5 2 7 6
"2885" 9 1 3 8
"2886" 9 1 3 8
"2887" 3 2 7 9
"2888" 4 3 2 2
"2889" 4 3 2 5
"2890" 4 3 7 10
"2891" 2 4 4 7
"2892" 8 2 5 3
"2893" 3 4 4 7
"2894" 8 2 1 9
"2895" 8 2 7 6
"2896" 8 2 1 3
"2897" 8 2 1 3
"2898" 8 2 1 9
"2899" 4 3 2 5
"2900" 7 1 6 4
"2901" 9 1 3 8
"2902" 1 2 5 2
"2903" 6 2 5 3
"2904" 2 1 6 4
"2905" 9 1 3 8
"2906" 5 2 7 6
"2907" 9 1 3 4
"2908" 8 2 1 3
"2909" 7 1 6 4
"2910" 5 2 7 6
"2911" 1 3 2 2
"2912" 7 1 3 8
"2913" 8 2 1 3
"2914" 6 2 5 3
"2915" 6 2 5 10
"2916" 3 4 4 7
"2917" 6 2 5 3
"2918" 8 2 1 9
"2919" 8 2 1 3
"2920" 5 2 7 6
"2921" 9 1 3 8
"2922" 1 3 2 2
"2923" 9 1 3 4
"2924" 2 1 1 9
"2925" 6 2 5 3
"2926" 7 1 6 4
"2927" 9 1 3 8
"2928" 8 2 1 9
"2929" 8 2 7 9
"2930" 4 3 2 5
"2931" 4 3 2 5
"2932" 3 3 2 7
"2933" 4 3 7 5
"2934" 8 2 1 9
"2935" 4 3 7 6
"2936" 3 4 4 7
"2937" 7 1 6 4
"2938" 7 1 6 4
"2939" 5 2 7 6
"2940" 8 2 1 9
"2941" 3 2 7 10
"2942" 2 4 1 9
"2943" 6 2 5 6
"2944" 9 1 3 8
"2945" 8 2 1 9
"2946" 9 1 3 8
"2947" 6 2 5 3
"2948" 8 2 1 9
"2949" 4 3 5 2
"2950" 3 4 4 7
"2951" 3 3 4 5
"2952" 6 3 5 2
"2953" 4 3 2 2
"2954" 8 2 1 3
"2955" 8 2 1 3
"2956" 9 1 6 4
"2957" 4 3 2 5
"2958" 3 3 2 2
"2959" 4 3 2 2
"2960" 6 2 5 3
"2961" 8 2 1 9
"2962" 8 2 7 9
"2963" 7 1 6 4
"2964" 9 1 3 8
"2965" 4 3 2 2
"2966" 3 4 5 7
"2967" 8 2 1 6
"2968" 1 3 1 9
"2969" 1 2 5 10
"2970" 9 1 3 8
"2971" 6 2 5 3
"2972" 5 3 7 6
"2973" 4 3 2 5
"2974" 5 2 7 6
"2975" 2 4 1 9
"2976" 8 2 7 9
"2977" 7 1 6 4
"2978" 8 2 7 2
"2979" 2 1 1 4
"2980" 7 2 1 4
"2981" 6 2 5 3
"2982" 8 1 1 4
"2983" 3 4 2 7
"2984" 8 2 1 3
"2985" 8 2 1 6
"2986" 9 1 3 8
"2987" 2 4 4 7
"2988" 1 3 5 2
"2989" 4 3 2 2
"2990" 8 2 1 3
"2991" 4 3 2 5
"2992" 4 3 2 2
"2993" 4 3 2 2
"2994" 8 2 1 6
"2995" 8 2 1 3
"2996" 6 2 5 3
"2997" 8 2 1 3
"2998" 3 4 4 7
"2999" 6 2 5 3
"3000" 6 2 5 3
"3001" 4 3 2 2
"3002" 9 1 3 8
"3003" 8 2 7 6
"3004" 6 2 5 2
"3005" 8 4 7 9
"3006" 3 3 4 7
"3007" 4 3 2 2
"3008" 9 1 6 4
"3009" 3 4 4 7
"3010" 6 2 5 3
"3011" 6 2 5 3
"3012" 6 2 5 3
"3013" 8 2 7 9
"3014" 5 2 7 6
"3015" 6 2 5 3
"3016" 4 3 7 5
"3017" 5 2 7 6
"3018" 8 2 1 9
"3019" 3 3 2 5
"3020" 6 2 5 2
"3021" 4 3 2 2
"3022" 4 3 7 9
"3023" 7 1 6 4
"3024" 1 3 2 5
"3025" 4 3 7 10
"3026" 6 2 5 3
"3027" 5 2 7 6
"3028" 7 1 6 4
"3029" 5 2 7 6
"3030" 7 1 6 4
"3031" 7 1 6 4
"3032" 8 2 1 3
"3033" 1 2 5 2
"3034" 3 2 7 9
"3035" 4 3 2 5
"3036" 4 3 5 2
"3037" 8 2 1 9
"3038" 4 3 2 5
"3039" 4 3 7 2
"3040" 1 2 5 2
"3041" 2 1 1 4
"3042" 4 3 7 10
"3043" 8 2 1 3
"3044" 8 2 1 9
"3045" 4 3 7 10
"3046" 2 1 3 8
"3047" 9 1 3 8
"3048" 7 2 1 4
"3049" 9 1 3 8
"3050" 1 3 2 2
"3051" 8 2 7 6
"3052" 5 2 7 6
"3053" 3 4 2 7
"3054" 1 3 2 2
"3055" 3 4 4 7
"3056" 2 4 4 7
"3057" 7 1 6 4
"3058" 4 2 7 10
"3059" 6 2 5 3
"3060" 3 4 4 7
"3061" 2 4 4 7
"3062" 8 2 7 3
"3063" 6 2 5 2
"3064" 5 2 7 6
"3065" 8 2 1 3
"3066" 4 3 2 5
"3067" 6 2 5 9
"3068" 1 3 5 2
"3069" 6 2 5 3
"3070" 1 3 2 2
"3071" 8 2 7 9
"3072" 6 2 5 3
"3073" 7 1 6 4
"3074" 6 2 1 3
"3075" 9 1 3 8
"3076" 4 3 2 10
"3077" 7 1 6 4
"3078" 4 3 2 2
"3079" 4 3 7 10
"3080" 4 3 2 2
"3081" 5 2 7 6
"3082" 8 2 7 6
"3083" 3 4 4 7
"3084" 6 2 5 3
"3085" 1 3 2 2
"3086" 9 1 3 8
"3087" 4 3 2 2
"3088" 4 3 2 5
"3089" 4 3 2 5
"3090" 6 2 5 3
"3091" 4 3 2 2
"3092" 1 3 5 2
"3093" 8 2 1 6
"3094" 4 3 2 5
"3095" 9 1 3 4
"3096" 3 2 5 2
"3097" 3 2 5 2
"3098" 5 2 7 6
"3099" 2 4 5 7
"3100" 2 4 4 7
"3101" 2 4 4 7
"3102" 3 4 2 7
"3103" 7 1 6 4
"3104" 1 3 5 2
"3105" 7 1 3 8
"3106" 3 4 4 7
"3107" 2 1 6 4
"3108" 3 2 7 10
"3109" 9 1 3 8
"3110" 4 3 2 2
"3111" 4 3 2 5
"3112" 6 2 5 3
"3113" 7 1 6 8
"3114" 6 2 5 3
"3115" 8 2 1 6
"3116" 1 3 5 10
"3117" 4 3 7 10
"3118" 8 2 1 9
"3119" 1 3 5 2
"3120" 6 2 5 3
"3121" 4 3 7 6
"3122" 1 3 2 2
"3123" 8 2 1 6
"3124" 5 2 7 6
"3125" 6 2 5 3
"3126" 4 3 7 5
"3127" 5 2 7 6
"3128" 4 3 2 10
"3129" 4 3 2 5
"3130" 4 3 2 5
"3131" 3 4 4 7
"3132" 6 2 5 3
"3133" 3 4 2 7
"3134" 7 1 6 4
"3135" 1 2 5 2
"3136" 4 3 7 6
"3137" 5 2 7 6
"3138" 4 2 5 10
"3139" 3 4 4 7
"3140" 4 3 2 5
"3141" 5 2 7 6
"3142" 4 3 2 5
"3143" 6 2 5 3
"3144" 1 3 2 2
"3145" 4 3 7 6
"3146" 2 4 1 9
"3147" 1 3 2 2
"3148" 3 4 4 7
"3149" 6 2 5 3
"3150" 3 4 4 7
"3151" 9 1 3 8
"3152" 1 3 5 10
"3153" 1 2 5 2
"3154" 3 2 5 9
"3155" 5 2 7 6
"3156" 4 3 2 5
"3157" 4 3 7 5
"3158" 3 4 4 7
"3159" 6 2 5 3
"3160" 8 2 1 3
"3161" 8 2 1 3
"3162" 4 3 2 5
"3163" 8 2 1 4
"3164" 5 2 7 6
"3165" 6 2 5 3
"3166" 4 3 7 6
"3167" 4 3 2 5
"3168" 4 3 2 5
"3169" 3 4 4 7
"3170" 1 2 5 10
"3171" 6 2 5 3
"3172" 9 1 3 4
"3173" 5 2 7 6
"3174" 7 1 6 4
"3175" 4 3 2 5
"3176" 4 3 2 5
"3177" 2 1 6 4
"3178" 4 3 7 6
"3179" 2 1 6 4
"3180" 8 2 1 6
"3181" 4 3 2 5
"3182" 3 4 4 7
"3183" 8 2 1 9
"3184" 7 1 1 4
"3185" 5 2 7 6
"3186" 8 2 1 3
"3187" 9 1 3 8
"3188" 6 2 5 3
"3189" 5 2 7 6
"3190" 1 3 2 2
"3191" 1 3 5 2
"3192" 3 4 4 7
"3193" 7 1 6 4
"3194" 8 2 1 6
"3195" 6 2 5 2
"3196" 8 2 1 4
"3197" 9 1 3 8
"3198" 3 3 4 2
"3199" 7 1 6 4
"3200" 7 1 3 8
"3201" 6 2 5 3
"3202" 4 3 2 5
"3203" 9 1 3 8
"3204" 3 2 7 9
"3205" 8 2 1 3
"3206" 4 3 2 2
"3207" 8 2 1 3
"3208" 4 3 2 5
"3209" 8 2 1 3
"3210" 4 3 2 2
"3211" 3 4 4 7
"3212" 4 3 2 5
"3213" 3 4 4 7
"3214" 7 1 1 4
"3215" 7 1 6 4
"3216" 8 2 1 3
"3217" 9 1 6 4
"3218" 8 2 1 9
"3219" 1 3 5 2
"3220" 4 2 7 10
"3221" 8 2 1 6
"3222" 4 2 7 10
"3223" 4 3 2 5
"3224" 4 3 2 5
"3225" 1 3 2 2
"3226" 3 4 2 7
"3227" 8 2 1 9
"3228" 7 1 6 4
"3229" 8 2 1 3
"3230" 8 2 1 3
"3231" 6 2 5 3
"3232" 9 1 3 8
"3233" 6 2 5 3
"3234" 6 2 5 3
"3235" 6 2 5 3
"3236" 9 1 6 4
"3237" 6 2 5 3
"3238" 8 2 1 3
"3239" 7 1 6 4
"3240" 6 2 5 3
"3241" 5 2 1 6
"3242" 4 3 2 5
"3243" 6 2 5 3
"3244" 8 2 5 3
"3245" 9 1 3 4
"3246" 8 2 1 4
"3247" 4 3 2 5
"3248" 1 3 2 2
"3249" 6 2 5 3
"3250" 5 2 7 6
"3251" 8 1 1 3
"3252" 7 1 3 8
"3253" 9 1 3 8
"3254" 9 1 3 8
"3255" 4 3 2 5
"3256" 8 2 1 3
"3257" 8 2 5 2
"3258" 8 2 7 9
"3259" 6 2 5 3
"3260" 1 3 5 2
"3261" 4 3 2 2
"3262" 3 3 2 7
"3263" 1 2 5 2
"3264" 7 1 6 4
"3265" 9 1 3 8
"3266" 3 4 4 7
"3267" 8 2 1 3
"3268" 4 2 7 6
"3269" 1 3 2 2
"3270" 5 2 7 2
"3271" 2 4 1 9
"3272" 5 2 7 6
"3273" 5 2 7 6
"3274" 1 2 5 2
"3275" 8 2 1 9
"3276" 9 1 3 8
"3277" 5 2 7 6
"3278" 3 4 4 7
"3279" 1 3 5 2
"3280" 2 4 1 9
"3281" 1 3 5 2
"3282" 6 2 5 3
"3283" 4 3 2 2
"3284" 3 4 4 7
"3285" 5 2 7 6
"3286" 9 1 3 8
"3287" 8 2 1 3
"3288" 9 1 6 4
"3289" 1 3 2 2
"3290" 8 2 5 9
"3291" 5 2 7 6
"3292" 6 2 5 2
"3293" 8 2 1 4
"3294" 4 3 2 5
"3295" 4 3 2 5
"3296" 7 1 1 4
"3297" 2 4 1 7
"3298" 9 1 3 4
"3299" 6 2 5 4
"3300" 2 1 6 4
"3301" 8 2 5 9
"3302" 7 1 3 8
"3303" 7 1 6 4
"3304" 3 4 4 7
"3305" 4 3 2 6
"3306" 5 2 7 6
"3307" 2 1 1 3
"3308" 6 2 5 3
"3309" 3 2 5 9
"3310" 4 3 2 5
"3311" 4 3 2 5
"3312" 1 3 2 2
"3313" 6 2 5 2
"3314" 3 4 2 7
"3315" 6 2 5 3
"3316" 5 2 7 6
"3317" 3 4 4 7
"3318" 2 1 6 4
"3319" 6 2 5 10
"3320" 2 2 1 9
"3321" 4 3 7 2
"3322" 1 3 5 2
"3323" 2 3 2 5
"3324" 5 2 7 6
"3325" 8 2 1 4
"3326" 3 4 1 7
"3327" 9 1 3 8
"3328" 5 2 7 6
"3329" 6 2 5 3
"3330" 4 3 2 5
"3331" 4 3 2 2
"3332" 3 4 4 7
"3333" 5 2 7 6
"3334" 9 1 3 8
"3335" 4 3 7 10
"3336" 7 2 1 4
"3337" 4 3 2 2
"3338" 3 4 4 7
"3339" 3 4 2 7
"3340" 6 2 5 3
"3341" 8 2 1 3
"3342" 6 2 5 3
"3343" 1 3 2 2
"3344" 5 2 7 2
"3345" 4 3 2 5
"3346" 4 3 2 2
"3347" 4 3 2 5
"3348" 1 3 5 2
"3349" 3 2 7 9
"3350" 8 2 7 9
"3351" 3 4 4 7
"3352" 9 1 3 8
"3353" 1 3 2 2
"3354" 6 2 5 3
"3355" 8 2 1 6
"3356" 4 3 2 5
"3357" 4 4 7 5
"3358" 8 2 7 6
"3359" 3 4 4 7
"3360" 6 2 5 3
"3361" 8 2 1 9
"3362" 4 3 2 5
"3363" 7 1 6 4
"3364" 8 2 5 9
"3365" 8 2 7 9
"3366" 5 2 7 6
"3367" 8 2 1 9
"3368" 2 1 6 4
"3369" 2 4 1 9
"3370" 8 2 1 9
"3371" 6 2 5 3
"3372" 1 3 5 2
"3373" 6 2 5 3
"3374" 9 1 3 8
"3375" 3 3 2 5
"3376" 3 4 4 7
"3377" 1 3 2 2
"3378" 3 4 2 7
"3379" 6 2 5 10
"3380" 3 2 5 7
"3381" 6 2 5 3
"3382" 1 3 2 7
"3383" 3 4 5 7
"3384" 7 1 6 4
"3385" 4 3 2 5
"3386" 4 3 7 5
"3387" 1 2 5 2
"3388" 8 2 1 9
"3389" 3 4 4 7
"3390" 9 1 3 8
"3391" 4 2 7 10
"3392" 6 2 5 3
"3393" 4 3 2 5
"3394" 8 2 1 3
"3395" 5 2 7 6
"3396" 6 2 5 3
"3397" 6 2 5 2
"3398" 4 3 2 5
"3399" 6 2 5 2
"3400" 1 2 5 2
"3401" 4 3 7 5
"3402" 8 2 7 6
"3403" 6 2 5 2
"3404" 3 2 5 2
"3405" 2 4 1 9
"3406" 3 4 4 7
"3407" 6 2 5 2
"3408" 2 4 4 7
"3409" 3 4 4 7
"3410" 5 2 7 6
"3411" 5 2 7 6
"3412" 6 2 5 3
"3413" 7 1 6 4
"3414" 7 1 6 4
"3415" 1 3 2 2
"3416" 8 2 1 6
"3417" 7 1 3 8
"3418" 6 2 5 2
"3419" 5 2 7 6
"3420" 5 2 7 6
"3421" 3 4 4 7
"3422" 1 3 5 2
"3423" 1 3 5 2
"3424" 3 2 7 6
"3425" 5 2 7 6
"3426" 9 1 6 4
"3427" 4 3 7 10
"3428" 8 2 7 6
"3429" 5 4 7 6
"3430" 4 3 2 5
"3431" 3 4 4 2
"3432" 5 2 7 6
"3433" 8 2 1 3
"3434" 8 2 5 3
"3435" 1 3 2 2
"3436" 5 2 7 6
"3437" 9 1 3 8
"3438" 3 2 7 6
"3439" 2 1 1 9
"3440" 6 2 5 3
"3441" 2 4 1 9
"3442" 8 2 7 6
"3443" 6 2 5 3
"3444" 3 4 4 7
"3445" 3 2 5 7
"3446" 8 2 1 3
"3447" 1 2 5 3
"3448" 3 4 4 7
"3449" 6 2 1 3
"3450" 6 2 5 3
"3451" 1 2 5 10
"3452" 6 2 5 6
"3453" 1 3 5 2
"3454" 7 2 1 4
"3455" 5 2 7 6
"3456" 7 2 1 4
"3457" 3 4 4 7
"3458" 5 2 7 6
"3459" 4 3 7 5
"3460" 8 4 1 9
"3461" 9 1 6 4
"3462" 3 4 4 9
"3463" 6 2 5 3
"3464" 1 2 5 10
"3465" 9 1 3 8
"3466" 9 1 3 8
"3467" 4 3 2 2
"3468" 4 3 2 5
"3469" 4 3 2 2
"3470" 4 3 2 5
"3471" 4 3 2 5
"3472" 8 1 1 4
"3473" 1 3 5 2
"3474" 2 2 1 6
"3475" 7 1 3 8
"3476" 3 4 4 7
"3477" 4 3 2 5
"3478" 5 2 7 3
"3479" 6 2 5 3
"3480" 5 2 7 10
"3481" 5 2 7 6
"3482" 3 4 4 7
"3483" 5 2 1 6
"3484" 6 2 5 3
"3485" 8 2 5 9
"3486" 2 4 4 7
"3487" 3 4 4 7
"3488" 9 1 3 8
"3489" 7 1 6 4
"3490" 4 3 2 5
"3491" 1 3 5 2
"3492" 4 3 2 5
"3493" 9 1 3 8
"3494" 6 3 5 2
"3495" 1 3 2 2
"3496" 8 2 1 3
"3497" 9 1 3 8
"3498" 8 2 1 6
"3499" 1 3 5 2
"3500" 8 2 7 9
"3501" 1 3 2 2
"3502" 6 2 5 3
"3503" 9 1 3 8
"3504" 4 3 2 5
"3505" 1 2 5 10
"3506" 7 1 6 4
"3507" 6 2 5 3
"3508" 7 2 1 4
"3509" 9 1 3 8
"3510" 5 2 7 6
"3511" 8 2 1 6
"3512" 3 2 7 6
"3513" 6 2 5 3
"3514" 4 3 2 2
"3515" 1 3 5 2
"3516" 6 2 5 3
"3517" 4 3 7 5
"3518" 4 3 2 2
"3519" 4 3 2 2
"3520" 9 1 6 4
"3521" 4 3 2 5
"3522" 9 1 3 8
"3523" 6 2 5 3
"3524" 3 2 5 7
"3525" 1 3 2 2
"3526" 4 3 2 5
"3527" 1 3 2 2
"3528" 4 2 7 10
"3529" 8 2 1 9
"3530" 9 1 3 8
"3531" 6 2 5 3
"3532" 2 1 6 4
"3533" 5 2 7 6
"3534" 4 3 7 10
"3535" 7 1 6 4
"3536" 5 2 7 6
"3537" 6 2 5 3
"3538" 9 1 3 8
"3539" 1 3 2 2
"3540" 4 3 7 10
"3541" 7 1 6 4
"3542" 4 3 2 5
"3543" 4 2 7 10
"3544" 7 1 3 8
"3545" 4 3 2 5
"3546" 4 3 2 5
"3547" 4 3 2 2
"3548" 8 2 1 3
"3549" 6 2 5 3
"3550" 9 1 3 8
"3551" 8 2 7 9
"3552" 2 1 1 4
"3553" 7 1 1 4
"3554" 6 2 5 3
"3555" 7 1 6 4
"3556" 4 3 2 5
"3557" 9 1 3 8
"3558" 8 2 1 9
"3559" 9 1 3 8
"3560" 5 2 7 6
"3561" 4 3 2 5
"3562" 9 1 3 8
"3563" 7 1 3 8
"3564" 1 3 2 2
"3565" 3 2 5 3
"3566" 9 1 6 4
"3567" 4 3 2 5
"3568" 3 4 4 7
"3569" 6 2 5 3
"3570" 6 2 5 3
"3571" 8 2 1 9
"3572" 1 3 5 2
"3573" 1 3 5 2
"3574" 9 1 3 8
"3575" 8 2 1 9
"3576" 4 3 2 5
"3577" 4 2 7 10
"3578" 3 4 4 7
"3579" 7 1 6 4
"3580" 1 3 5 2
"3581" 3 2 5 2
"3582" 1 3 2 7
"3583" 6 2 5 10
"3584" 3 2 5 7
"3585" 2 1 6 4
"3586" 6 2 5 3
"3587" 4 3 2 5
"3588" 6 2 5 3
"3589" 7 1 6 4
"3590" 9 1 3 8
"3591" 7 1 6 4
"3592" 6 2 5 3
"3593" 8 2 1 6
"3594" 1 2 5 2
"3595" 6 2 5 3
"3596" 4 2 7 10
"3597" 2 1 1 9
"3598" 5 2 7 6
"3599" 6 2 5 3
"3600" 9 1 3 8
"3601" 4 3 7 5
"3602" 2 4 1 9
"3603" 7 1 1 9
"3604" 6 2 5 3
"3605" 6 2 5 3
"3606" 6 2 5 3
"3607" 9 1 3 8
"3608" 9 1 3 8
"3609" 7 1 6 4
"3610" 9 1 6 4
"3611" 1 3 2 2
