"ARI" "" "" "" "" "" ""
"result.1" 0.980622472864378 0.962746159158239 0.962789986556192 3 -8098406.48378399 -99079.4495915494 16557835.8946502
"result.2" 0.988314500692185 0.975848266167298 0.975876679358973 3 -8151601.46519894 -99134.4181472734 16664335.7945916
"result.3" 0.984194359848352 0.970821005966901 0.9708553338203 3 -8138438.4236542 -99231.1708732506 16638203.216954
"result.4" 0.98183578772218 0.962758353067319 0.962802165896683 3 -8136846.37854053 -99000.8901598591 16634558.5652999
"result.5" 0.990039910801058 0.979130618288006 0.979155164199727 3 -8132391.08120168 -99293.2326666111 16626232.6556357
"result.6" 0.970137597202428 0.951084143041385 0.951141690640413 3 -8129405.34346421 -98879.3655700903 16619433.4459677
"result.7" 0.989889137044019 0.981324898209453 0.981346868498879 3 -8102403.32056145 -99136.9917908903 16565944.6526038
"result.8" 0.980847030841907 0.961576815533937 0.961622018474286 3 -8160490.83020218 -99314.4607249213 16682474.6097533
"result.9" 0.971077071402568 0.94498913425863 0.945053851883385 3 -8091190.62827189 -98838.245625144 16542921.7756932
"result.10" 0.974887763311764 0.952344530171291 0.952400594398954 3 -8132945.19822801 -99182.6475291185 16627119.7194134
"result.11" 0.98431267255263 0.969289087763523 0.969325217582684 3 -8163686.6398389 -98785.861567993 16687809.0307129
"result.12" 0.991593171910942 0.979361580841446 0.979385860922834 3 -8116198.2399369 -99080.1122804534 16593420.7323338
"result.13" 0.982195206375186 0.963617240403887 0.963660043017788 3 -8119644.76846757 -98988.0067026194 16600129.5782395
"result.14" 0.968980617853089 0.943887608181847 0.943953621384054 3 -8143802.73521284 -98960.3031408769 16648390.1046066
"result.15" 0.984946449475149 0.969002033038589 0.969038500560437 3 -8123028.98144785 -99025.3431176771 16606972.6770302
"result.16" 0.983557808768348 0.966584062709893 0.966623375124586 3 -8103573.77141649 -99209.0699096156 16568429.7105513
"result.17" 0.969652897314603 0.943918403173363 0.943984381184533 3 -8110586.44655879 -98962.7367043118 16581962.3944253
"result.18" 0.989068980982165 0.978201685432212 0.978227330112806 3 -8105591.16816862 -98947.1573401049 16571940.6789166
"result.19" 0.983317205640616 0.966380638284567 0.966420189805109 3 -8093833.45803465 -99060.8430190091 16548652.6300065
"result.20" 0.981789343511485 0.9629440283725 0.962987623084853 3 -8130524.78984672 -99011.4831511908 16621936.573895
"result.21" 0.978798725077291 0.959520454412982 0.959568076623652 3 -8190915.76884419 -99316.8639823655 16743329.2935523
"result.22" 0.966641938051474 0.941335584596531 0.941404600379931 3 -8140091.91315925 -98986.7881088246 16641021.4304353
"result.23" 0.984375150503144 0.970096957192475 0.970132136837721 3 -8125441.32351008 -98900.919803848 16611548.514527
"result.24" 0.990604215921229 0.979566436074185 0.979590475204582 3 -8109108.55412139 -99071.0798178151 16579223.2957775
"result.25" 0.987174387841016 0.970978034260974 0.971012177064588 3 -8101254.14621407 -98971.6810097755 16563315.6823468
"result.26" 0.975225960561064 0.952805951021664 0.952861473063425 3 -8120937.51302018 -98928.7752230246 16602596.6043855
"result.27" 0.992430590973684 0.985416953306997 0.985434109578116 3 -8093510.88366611 -99170.9567349087 16548227.7087012
"result.28" 0.984383140198294 0.968892631587962 0.968929205872504 3 -8075707.12991797 -99235.1976878323 16512748.6831107
"result.29" 0.977173780398565 0.95396048097547 0.95401464426177 3 -8130025.90273506 -98938.4552850912 16620792.7439394
"result.30" 0.987414169281635 0.973561553358538 0.973592656995841 3 -8091657.9455603 -98836.295712926 16543852.5104456
"result.31" 0.985021476780514 0.967494065608231 0.967532289195886 3 -8148531.18415219 -98935.6857125329 16657797.7676286
"result.32" 0.974566456565558 0.948703099634472 0.948763448094858 3 -8123139.75670746 -98985.2256809918 16607113.992676
"result.33" 0.978449682166497 0.963176308370934 0.963219629829718 3 -8097813.89814326 -98898.1850313753 16556288.1942484
"result.34" 0.976502760037248 0.957874019063353 0.957923578702507 3 -8133672.91133556 -98666.8334228843 16627543.517416
"result.35" 0.98678708991539 0.975070931643607 0.975100259488511 3 -8111510.27328216 -99033.5673605614 16583951.7091846
"result.36" 0.982735713645034 0.964650515737108 0.964692102632129 3 -8105995.14939955 -98987.2985426517 16572828.9237835
"result.37" 0.978665521219229 0.956026553066667 0.956078285987631 3 -8147813.02324662 -98916.2100139362 16656322.4944203
"result.38" 0.988304640789676 0.977305756355041 0.977332455089265 3 -8113563.78012387 -98889.8219714276 16587771.2320897
"result.39" 0.97003610111013 0.945599225965017 0.945663226911099 3 -8095409.21247088 -99113.4160977957 16551909.2850365
"result.40" 0.982167856887005 0.965404175534508 0.965444875849903 3 -8148343.85614139 -99007.6555532934 16657567.0512885
"result.41" 0.987234261698139 0.972540184407312 0.97257248941553 3 -8133747.43659986 -98661.7676453507 16627682.4363895
"result.42" 0.979353761882362 0.960989313149204 0.961035207497598 3 -8174496.70165735 -99140.6845526718 16710138.8003192
"result.43" 0.970804602758146 0.947389353699123 0.947451248154477 3 -8110694.74654572 -98941.9892186985 16582137.499428
"result.44" 0.994388011660295 0.987808824947333 0.987823162394588 3 -8095219.72938054 -98953.5568816466 16551210.6004235
"result.45" 0.976209709252001 0.952904141431289 0.952959547731753 3 -8110398.47856498 -98803.3735161978 16581267.7320615
"result.46" 0.974365226361741 0.954556391712825 0.954609854845594 3 -8108723.23085154 -99206.2750330644 16578723.0396683
"result.47" 0.987240240261252 0.971565917086527 0.971599368411773 3 -8099164.8899307 -99083.0295242762 16559359.8668091
"result.48" 0.969369204459384 0.943182159119445 0.943249002707237 3 -8103028.92632306 -99135.9786422824 16567193.8378298
"result.49" 0.976759483352444 0.956645209613207 0.956696214537727 3 -8097660.13128382 -99267.008871351 16556718.3082095
"result.50" 0.982887899833643 0.965789573742574 0.965829820742381 3 -8105736.27700996 -98776.6019927569 16571889.7859046
