"ARI" "" "" "" "" "" ""
"result.1" 0.979344451951811 0.956248893400137 0.95641276099517 5 -8098372.8041972 -99235.5623022018 16558228.3160761
"result.2" 0.933502068697858 0.897513115871448 0.897897377729289 5 -8151622.23830941 -99258.8656080208 16664773.7909122
"result.3" 0.964210883942528 0.940471544847119 0.940694614928916 5 -8138346.87714787 -99429.5524015115 16638564.442176
"result.4" 0.957387680200158 0.928143628231005 0.928412860835895 5 -8136958.46303207 -99173.5500518957 16635275.6092452
"result.5" 0.968626058687668 0.944467920819403 0.944675950153016 5 -8132421.76541584 -99340.0038342698 16626535.1215775
"result.6" 0.976596190144049 0.959015200348438 0.95916867151688 5 -8129475.50230111 -99020.2119103889 16620003.0115003
"result.7" 0.9761892628317 0.956740829374628 0.956902861611087 5 -8102425.44090446 -99391.9351561554 16566646.3351985
"result.8" 0.948301243377313 0.921438829766887 0.921733300532032 5 -8160397.91608111 -99195.6988838919 16682198.8130073
"result.9" 0.968313343784731 0.946422438594319 0.946623114909129 5 -8091205.87523748 -98981.4998286711 16543386.3332096
"result.10" 0.965227840134183 0.944095384461624 0.944304859654656 5 -8132895.63876563 -99131.9586360301 16627066.7778806
"result.11" 0.975535293873643 0.958129892986294 0.958286703657578 5 -8163746.44363966 -99102.0795648773 16688708.6294864
"result.12" 0.963850873687087 0.93618617964707 0.936425233731336 5 -8116177.74788683 -99057.0624012608 16593481.2036535
"result.13" 0.831304937095045 0.80581265074435 0.80635685041453 4 -8119435.73618713 -99507.027589353 16600823.3330412
"result.14" 0.959706360098406 0.931257005763423 0.931514557484 5 -8143774.56616035 -99197.2989618854 16648955.3133218
"result.15" 0.970946942269277 0.947754943386469 0.947950674899291 5 -8122999.89062395 -99235.9757511874 16607483.3158276
"result.16" 0.959669218254093 0.934385348140712 0.934631159353091 5 -8103582.97393535 -99128.5242055493 16568434.5793591
"result.17" 0.97421868998254 0.954928964203949 0.955097807369659 5 -8110549.84309172 -98909.508092351 16581930.2854454
"result.18" 0.953970479200113 0.927061470782383 0.927334833831309 5 -8105493.01743388 -98997.658399054 16571992.9347432
"result.19" 0.952555150390356 0.922957214948464 0.923245866851741 5 -8093888.31153446 -99273.2296900249 16549334.6655263
"result.20" 0.942983300207957 0.912696568165696 0.913024088486017 5 -8130418.14161243 -99276.0708730234 16622400.0080482
"result.21" 0.975870493437667 0.953939802527109 0.954112338978963 5 -8190922.80463764 -99554.8145886397 16743966.8215299
"result.22" 0.977029625600584 0.960817899237254 0.9609646483139 5 -8140087.30198314 -99237.2933245991 16641660.7736928
"result.23" 0.977250470851541 0.959549024940731 0.959700536044135 5 -8125483.14519975 -98988.705421045 16611955.2843189
"result.24" 0.966810712733083 0.946628479107298 0.946828382367284 5 -8109125.67692172 -99124.1168226829 16579511.1705661
"result.25" 0.971387774404097 0.943199072206336 0.943411883555327 5 -8101146.23229655 -98988.7476429081 16563281.5429562
"result.26" 0.970826894626469 0.94549487382749 0.945699033292155 5 -8120957.51674687 -98995.4965723013 16602917.6097156
"result.27" 0.978159840524144 0.955826355842905 0.955991798924139 5 -8093405.81533624 -99085.9368031698 16547995.0873561
"result.28" 0.959083614380905 0.93115337931523 0.931411429230653 5 -8075758.62936272 -99465.4894303667 16513459.8206635
"result.29" 0.968914902868996 0.937312017751797 0.937546924977552 5 -8129976.5681791 -99150.7688249771 16621266.2570854
"result.30" 0.969862970100079 0.946779810450022 0.946979151178771 5 -8091543.90690322 -99123.5583080346 16544346.5134998
"result.31" 0.980724133891439 0.963334298002763 0.963471614476066 5 -8148590.01126783 -99130.5569417401 16658452.7194964
"result.32" 0.963564734749489 0.935084627972705 0.93532790620833 5 -8123166.15951283 -99002.6751757019 16607349.2524544
"result.33" 0.977329298176798 0.955226827233332 0.955394498043108 5 -8097759.90196067 -99010.6502282928 16556552.6874552
"result.34" 0.95906356901738 0.933731282341918 0.933979558137338 5 -8133680.55629024 -98897.1830495704 16628167.0617569
"result.35" 0.969626147376162 0.943881188093686 0.94409142319799 5 -8111535.49619407 -99058.6828850653 16584199.9412356
"result.36" 0.978153955132601 0.962345981139798 0.962487006935765 5 -8106045.69503711 -99251.8252182841 16573606.6235881
"result.37" 0.976569360939026 0.954816366250894 0.954985599888962 5 -8147816.4569081 -99079.3434283716 16656803.1837502
"result.38" 0.914385297038094 0.883703349389923 0.884140138296234 5 -8113442.68353197 -98988.1217662589 16587873.1936738
"result.39" 0.974185537251346 0.953469696486479 0.953643993714887 5 -8095342.6304648 -99124.4524187433 16551945.7488444
"result.40" 0.970815079536825 0.949513449275603 0.9497025914809 5 -8148289.688392 -99421.1694991481 16658433.2988596
"result.41" 0.954791476268681 0.930169140614262 0.930430788165096 5 -8133660.40601736 -98751.8112072776 16627836.0175266
"result.42" 0.943516285713309 0.906315711942451 0.906666951636897 5 -8174425.40534707 -99261.4145124309 16710385.2227963
"result.43" 0.983003311239792 0.967201526341358 0.967324364353707 5 -8110690.60366053 -99015.8161967299 16582424.4227918
"result.44" 0.975805526969203 0.957611942213924 0.957770725570945 5 -8095239.16732516 -99178.2306474643 16551846.3790225
"result.45" 0.944549464525806 0.866199896265436 0.866574177277031 4 -8110282.84170441 -99387.0264793906 16582277.5418558
"result.46" 0.949721025659061 0.921005790571508 0.92130177845964 5 -8108770.53288041 -99104.8258603315 16578762.3005588
"result.47" 0.984062060227869 0.966587105314476 0.966712228670431 5 -8099112.46293337 -99126.2656329042 16559489.0402098
"result.48" 0.926333304522706 0.89351357810775 0.89391297965224 5 -8102985.55059421 -99528.8662593043 16568040.4167843
"result.49" 0.952828065819178 0.928623802369898 0.928891366266084 5 -8097672.30352761 -99342.9813210773 16557042.1527747
"result.50" 0.977270729998916 0.95727035658017 0.95743039136494 5 -8105885.48812 -98909.7445831262 16572602.0484835
