"ARI" "" "" "" "" "" ""
"result.1" 0.979344451951811 0.956248893400137 0.95641276099517 5 -8098372.91769645 -99229.9212644394 16558217.2609991
"result.2" 0.933502068697858 0.897513115871448 0.897897377729289 5 -8151622.2377763 -99255.5307360662 16664767.120102
"result.3" 0.964210883942528 0.940471544847119 0.940694614928916 5 -8138346.80350161 -99417.9366056532 16638541.0632918
"result.4" 0.957387680200158 0.928143628231005 0.928412860835895 5 -8136958.46301163 -99173.5612366382 16635275.6315738
"result.5" 0.963066617388375 0.935456343404571 0.935698166846106 5 -8132422.28069003 -99273.0461030168 16626402.2366634
"result.6" 0.976596190144049 0.959015200348438 0.95916867151688 5 -8129475.4409523 -99014.8369426683 16619992.1388672
"result.7" 0.9761892628317 0.956740829374628 0.956902861611087 5 -8102397.07949506 -99258.9651707145 16566323.6724088
"result.8" 0.948301243377313 0.921438829766887 0.921733300532032 5 -8160397.91607951 -99195.6917634267 16682198.7987632
"result.9" 0.968313343784731 0.946422438594319 0.946623114909129 5 -8091205.87522294 -98981.4978272768 16543386.3291777
"result.10" 0.965227840134183 0.944095384461624 0.944304859654656 5 -8132895.38824817 -99174.3769245281 16627151.1134227
"result.11" 0.975535293873643 0.958129892986294 0.958286703657578 5 -8163746.54771698 -99077.194998252 16688659.0685078
"result.12" 0.963850873687087 0.93618617964707 0.936425233731336 5 -8116177.72593285 -99073.0153852821 16593513.0657136
"result.13" 0.831304937095045 0.80581265074435 0.80635685041453 4 -8119435.79732187 -99498.6273628939 16600806.6548577
"result.14" 0.959706360098406 0.931257005763423 0.931514557484 5 -8143774.46042435 -99202.5386052983 16648965.5811366
"result.15" 0.967846754208708 0.943594322843852 0.943805667853512 5 -8122999.85280067 -99247.6674829022 16607506.6236444
"result.16" 0.959669218254093 0.934385348140712 0.934631159353091 5 -8103582.90454083 -99122.0412411125 16568421.4746412
"result.17" 0.97421868998254 0.954928964203949 0.955097807369659 5 -8110549.79729562 -98921.0948505994 16581953.3673697
"result.18" 0.963541427720248 0.939037516227417 0.939265940886547 5 -8105450.88365347 -99200.0607900763 16572313.4719644
"result.19" 0.954534564336237 0.925238724292336 0.925518829138892 5 -8093888.31339444 -99267.7003635642 16549323.6105933
"result.20" 0.945237728515024 0.919230445109941 0.919533379092555 5 -8130454.30959112 -99112.41894892 16622145.0401574
"result.21" 0.975870493437667 0.953939802527109 0.954112338978963 5 -8190922.87533474 -99564.9514743911 16743987.2366955
"result.22" 0.977029625600584 0.960817899237254 0.9609646483139 5 -8140087.28908621 -99243.2280303817 16641672.6173105
"result.23" 0.977250470851541 0.959549024940731 0.959700536044135 5 -8125449.99319864 -98893.7494185823 16611699.0683117
"result.24" 0.965813240805466 0.94345146744577 0.943663271500451 5 -8109139.36865936 -99011.8755842356 16579314.0715645
"result.25" 0.971387774404097 0.943199072206336 0.943411883555327 5 -8101146.49885923 -98951.807016596 16563208.1948289
"result.26" 0.970826894626469 0.94549487382749 0.945699033292155 5 -8120957.63902687 -99030.9610481275 16602988.7832273
"result.27" 0.976519025343408 0.953519146395851 0.9536932349188 5 -8093418.7552449 -99084.5772607779 16548018.2480887
"result.28" 0.959083614380905 0.93115337931523 0.931411429230653 5 -8075758.63913498 -99422.7271163515 16513374.31558
"result.29" 0.968914902868996 0.937312017751797 0.937546924977552 5 -8129976.47185113 -99196.225782351 16621356.9783443
"result.30" 0.969862970100079 0.946779810450022 0.946979151178771 5 -8091543.35548858 -99130.0936752146 16544358.4814049
"result.31" 0.970866669036557 0.949582560864256 0.949771407187171 5 -8148590.00606584 -99151.4378566469 16658494.4709223
"result.32" 0.96666302431901 0.939258581599803 0.939486186983693 5 -8123166.1712817 -99006.3202162202 16607356.5660731
"result.33" 0.977329298176798 0.955226827233332 0.955394498043108 5 -8097759.95419208 -98992.73295389 16556516.9573692
"result.34" 0.95906356901738 0.933731282341918 0.933979558137338 5 -8133680.50227359 -98894.2618610278 16628161.1113465
"result.35" 0.969626147376162 0.943881188093686 0.94409142319799 5 -8111535.55831547 -99063.6632516233 16584210.0262115
"result.36" 0.978153955132601 0.962345981139798 0.962487006935765 5 -8106045.55338484 -99216.6162048926 16573535.9222568
"result.37" 0.976569360939026 0.954816366250894 0.954985599888962 5 -8147816.40516126 -99039.7420363525 16656723.8774725
"result.38" 0.917273426846951 0.88673524530022 0.887160540203354 5 -8113442.79592616 -99012.6272758495 16587922.4294813
"result.39" 0.974185537251346 0.953469696486479 0.953643993714887 5 -8095342.63407495 -99068.3047649067 16551833.460757
"result.40" 0.966765226557781 0.943905317657595 0.944115471372868 5 -8148289.79851401 -99399.8994546832 16658390.9790147
"result.41" 0.954791476268681 0.930169140614262 0.930430788165096 5 -8133660.52417315 -98732.945899592 16627798.5232228
"result.42" 0.943516285713309 0.906315711942451 0.906666951636897 5 -8174425.39973256 -99276.8642611253 16710416.1110647
"result.43" 0.983003311239792 0.967201526341358 0.967324364353707 5 -8110649.41167757 -99161.0254028422 16582632.4572381
"result.44" 0.975805526969203 0.957611942213924 0.957770725570945 5 -8095239.14719743 -99178.2965112798 16551846.4704947
"result.45" 0.946157056415596 0.871447232351008 0.8718068283109 4 -8110282.90864916 -99386.9060219003 16582277.4348303
"result.46" 0.949721025659061 0.921005790571508 0.92130177845964 5 -8108770.13132752 -99178.5552403003 16578908.9562129
"result.47" 0.984062060227869 0.966587105314476 0.966712228670431 5 -8099112.56901161 -99120.9890288072 16559478.6991581
"result.48" 0.927844933974858 0.895302390752388 0.895695051122358 5 -8102985.41062152 -99586.0721905143 16568154.5487014
"result.49" 0.954799304039632 0.931786412089523 0.932042121082429 5 -8097661.23261302 -99234.4525858665 16556802.9534751
"result.50" 0.977270729998916 0.95727035658017 0.95743039136494 5 -8105885.50518991 -98891.5877976846 16572565.7690525
