"SCMEB" "DRSC" "BayesSpace" "Louvain"
"1" 3 3 1 6
"2" 6 5 4 7
"3" 9 4 6 5
"4" 7 2 3 7
"5" 5 6 5 2
"6" 8 1 2 8
"7" 5 5 4 2
"8" 6 2 3 7
"9" 2 5 5 6
"10" 8 1 6 5
"11" 4 5 5 2
"12" 2 5 5 6
"13" 3 2 1 9
"14" 1 5 5 4
"15" 4 5 4 2
"16" 3 3 7 8
"17" 4 5 5 2
"18" 3 6 7 8
"19" 9 4 6 5
"20" 5 6 5 2
"21" 3 2 1 9
"22" 2 3 1 9
"23" 9 4 6 5
"24" 8 1 2 5
"25" 8 1 2 8
"26" 1 5 4 4
"27" 7 2 4 3
"28" 8 1 2 8
"29" 3 2 1 9
"30" 2 5 5 6
"31" 4 5 4 4
"32" 4 5 4 2
"33" 6 5 4 2
"34" 3 6 7 8
"35" 6 5 4 2
"36" 5 6 5 2
"37" 4 5 4 2
"38" 8 1 2 5
"39" 6 5 4 7
"40" 3 3 1 9
"41" 3 2 1 9
"42" 7 5 4 3
"43" 5 6 5 2
"44" 2 5 5 4
"45" 3 2 1 6
"46" 2 6 5 4
"47" 7 5 4 3
"48" 1 5 4 3
"49" 6 2 3 7
"50" 9 1 2 5
"51" 7 2 3 9
"52" 3 3 7 6
"53" 2 5 4 6
"54" 9 4 6 5
"55" 2 5 4 3
"56" 4 5 4 2
"57" 7 2 3 9
"58" 5 6 5 2
"59" 9 4 6 5
"60" 7 5 4 7
"61" 2 5 4 6
"62" 6 2 3 7
"63" 1 3 4 3
"64" 9 4 6 5
"65" 8 1 2 5
"66" 2 5 5 6
"67" 6 2 3 7
"68" 9 4 6 5
"69" 3 2 1 9
"70" 9 4 6 5
"71" 9 4 6 5
"72" 6 2 3 7
"73" 4 5 4 2
"74" 7 2 3 3
"75" 1 5 4 4
"76" 4 5 4 2
"77" 7 2 3 3
"78" 4 5 5 2
"79" 5 6 7 8
"80" 7 5 4 9
"81" 5 6 5 2
"82" 6 2 3 3
"83" 1 5 4 4
"84" 6 2 3 7
"85" 8 1 2 5
"86" 1 5 4 4
"87" 4 5 4 2
"88" 4 5 5 2
"89" 3 3 2 8
"90" 8 1 2 8
"91" 2 5 4 3
"92" 7 2 3 3
"93" 2 5 5 4
"94" 3 3 1 6
"95" 6 2 3 7
"96" 3 3 7 8
"97" 2 6 5 4
"98" 4 5 4 2
"99" 6 2 3 7
"100" 3 3 1 6
"101" 4 5 4 2
"102" 8 1 6 5
"103" 7 5 4 3
"104" 1 5 4 4
"105" 3 2 3 9
"106" 3 2 1 9
"107" 2 5 4 6
"108" 8 4 6 5
"109" 4 5 5 2
"110" 8 1 2 8
"111" 2 5 5 4
"112" 2 5 4 6
"113" 1 5 5 4
"114" 2 5 5 6
"115" 1 5 5 4
"116" 6 2 3 2
"117" 9 4 6 5
"118" 1 5 4 3
"119" 5 5 5 2
"120" 3 6 7 6
"121" 6 5 4 2
"122" 9 4 6 5
"123" 4 5 5 2
"124" 3 2 3 9
"125" 9 4 6 5
"126" 5 6 7 2
"127" 2 6 5 4
"128" 4 6 5 2
"129" 2 5 4 3
"130" 6 5 3 7
"131" 1 5 4 4
"132" 6 2 3 7
"133" 2 5 4 7
"134" 2 5 5 6
"135" 9 4 6 5
"136" 1 5 4 4
"137" 9 4 2 5
"138" 1 5 4 4
"139" 4 5 4 2
"140" 7 2 3 3
"141" 2 5 4 4
"142" 6 5 4 2
"143" 2 5 5 6
"144" 8 1 2 5
"145" 3 3 1 6
"146" 6 5 4 2
"147" 3 3 7 8
"148" 9 4 6 5
"149" 4 5 5 2
"150" 4 6 5 2
"151" 6 2 3 7
"152" 2 6 5 6
"153" 6 5 3 2
"154" 4 5 5 2
"155" 2 5 5 4
"156" 8 1 6 5
"157" 3 2 3 9
"158" 7 2 3 3
"159" 9 4 6 5
"160" 8 1 2 5
"161" 4 5 5 2
"162" 3 2 3 9
"163" 8 1 2 8
"164" 3 3 1 6
"165" 6 5 3 7
"166" 1 5 4 3
"167" 2 5 5 6
"168" 9 4 6 5
"169" 4 5 4 7
"170" 7 2 3 3
"171" 5 5 5 3
"172" 6 2 3 2
"173" 3 2 1 9
"174" 4 5 5 2
"175" 3 3 7 8
"176" 6 2 3 7
"177" 1 5 4 4
"178" 3 3 7 8
"179" 3 3 1 9
"180" 3 6 7 8
"181" 5 5 5 3
"182" 1 5 4 4
"183" 1 5 4 4
"184" 1 5 4 3
"185" 2 5 4 6
"186" 7 5 4 4
"187" 2 5 4 6
"188" 7 2 3 7
"189" 9 4 6 5
"190" 9 1 2 5
"191" 9 4 6 5
"192" 6 5 3 7
"193" 2 6 5 6
"194" 3 3 7 8
"195" 7 2 1 9
"196" 3 6 7 6
"197" 1 5 4 4
"198" 3 2 1 6
"199" 5 6 7 2
"200" 4 5 5 2
"201" 3 3 7 8
"202" 5 5 5 2
"203" 6 5 4 7
"204" 9 4 6 5
"205" 7 2 3 3
"206" 7 2 3 3
"207" 9 4 6 5
"208" 6 5 4 2
"209" 4 5 5 2
"210" 5 5 5 2
"211" 2 5 5 6
"212" 7 3 3 3
"213" 2 5 4 6
"214" 5 6 5 2
"215" 2 5 4 6
"216" 4 5 5 2
"217" 5 5 5 4
"218" 2 5 5 6
"219" 2 5 5 6
"220" 9 4 6 5
"221" 4 5 4 7
"222" 1 5 4 3
"223" 1 5 4 4
"224" 4 5 5 2
"225" 7 5 4 3
"226" 9 4 6 5
"227" 3 2 1 6
"228" 3 3 7 8
"229" 1 5 4 4
"230" 7 2 3 3
"231" 3 3 1 6
"232" 9 4 6 5
"233" 2 5 4 3
"234" 5 6 3 2
"235" 2 5 5 3
"236" 6 2 3 7
"237" 1 5 4 4
"238" 6 2 3 7
"239" 3 3 1 9
"240" 8 1 2 8
"241" 6 2 3 7
"242" 8 1 2 8
"243" 3 2 1 9
"244" 7 2 3 3
"245" 6 5 4 2
"246" 7 2 3 3
"247" 4 5 4 2
"248" 4 5 5 2
"249" 8 1 2 8
"250" 5 6 5 2
"251" 9 3 2 5
"252" 7 5 4 3
"253" 2 5 4 6
"254" 8 1 2 8
"255" 6 5 4 2
"256" 3 3 7 8
"257" 2 6 5 6
"258" 5 5 5 4
"259" 7 2 3 9
"260" 6 5 4 7
"261" 3 3 1 6
"262" 8 6 7 8
"263" 9 4 6 5
"264" 6 2 3 9
"265" 4 5 4 2
"266" 8 1 2 5
"267" 7 2 3 3
"268" 4 6 5 2
"269" 6 2 3 7
"270" 2 5 5 4
"271" 6 5 4 7
"272" 5 6 5 8
"273" 7 2 1 3
"274" 4 5 4 2
"275" 2 6 5 6
"276" 5 3 5 8
"277" 2 6 5 4
"278" 3 3 1 6
"279" 1 5 4 4
"280" 2 2 4 4
"281" 2 5 5 4
"282" 6 5 4 7
"283" 9 4 6 5
"284" 9 4 6 5
"285" 3 3 7 8
"286" 6 5 4 2
"287" 3 6 7 8
"288" 9 4 6 5
"289" 8 1 2 8
"290" 8 1 6 5
"291" 6 5 4 7
"292" 4 5 5 2
"293" 7 2 4 3
"294" 6 2 3 7
"295" 3 2 1 9
"296" 9 4 2 5
"297" 5 6 5 2
"298" 1 5 4 2
"299" 4 5 5 2
"300" 6 2 3 7
"301" 3 2 3 9
"302" 1 5 4 4
"303" 5 5 5 2
"304" 6 5 4 2
"305" 4 5 4 3
"306" 9 4 6 5
"307" 9 4 6 5
"308" 3 3 7 8
"309" 2 5 4 6
"310" 7 2 3 7
"311" 5 6 5 2
"312" 6 2 3 7
"313" 6 2 3 7
"314" 9 4 6 5
"315" 5 6 5 2
"316" 2 5 4 6
"317" 9 4 6 5
"318" 7 2 3 3
"319" 3 3 7 8
"320" 9 4 6 5
"321" 1 5 4 7
"322" 3 3 1 6
"323" 1 5 4 4
"324" 1 5 4 3
"325" 6 5 4 2
"326" 2 5 5 6
"327" 7 2 3 3
"328" 8 1 2 8
"329" 6 2 3 7
"330" 6 5 4 7
"331" 2 6 5 4
"332" 7 5 4 3
"333" 5 6 5 4
"334" 8 1 7 8
"335" 2 6 5 4
"336" 2 6 5 4
"337" 3 3 1 6
"338" 1 5 4 4
"339" 2 5 5 6
"340" 3 3 1 9
"341" 8 4 6 5
"342" 5 5 5 2
"343" 6 2 3 7
"344" 4 6 5 2
"345" 8 1 7 8
"346" 8 1 2 5
"347" 5 6 5 2
"348" 9 4 6 5
"349" 5 6 5 4
"350" 3 3 1 6
"351" 9 4 6 5
"352" 7 2 3 3
"353" 9 4 6 5
"354" 2 6 5 4
"355" 4 5 5 2
"356" 4 5 4 2
"357" 7 5 4 4
"358" 5 6 5 4
"359" 2 5 5 4
"360" 3 2 1 6
"361" 3 2 1 9
"362" 6 2 3 7
"363" 8 1 6 5
"364" 4 5 4 2
"365" 7 5 4 3
"366" 3 3 3 8
"367" 8 1 2 5
"368" 9 4 6 5
"369" 2 5 4 4
"370" 8 1 2 5
"371" 6 5 4 7
"372" 3 2 3 9
"373" 6 5 4 2
"374" 3 2 1 2
"375" 6 2 3 7
"376" 9 4 6 5
"377" 7 5 4 4
"378" 9 4 2 5
"379" 4 5 5 2
"380" 1 5 4 4
"381" 9 4 6 5
"382" 9 4 6 5
"383" 5 6 5 2
"384" 6 5 4 7
"385" 5 6 5 2
"386" 5 6 5 2
"387" 4 5 4 2
"388" 3 2 1 6
"389" 6 2 3 7
"390" 3 3 7 8
"391" 1 5 5 4
"392" 3 2 1 6
"393" 5 5 5 4
"394" 7 2 3 3
"395" 3 5 4 6
"396" 2 5 5 3
"397" 4 5 4 2
"398" 5 5 5 2
"399" 6 2 3 9
"400" 9 4 6 5
"401" 7 5 4 3
"402" 1 5 5 3
"403" 2 5 4 6
"404" 2 5 5 4
"405" 2 5 5 4
"406" 6 2 3 7
"407" 4 5 5 2
"408" 3 2 1 9
"409" 1 5 4 4
"410" 2 6 5 6
"411" 4 5 5 2
"412" 4 5 5 2
"413" 4 5 5 2
"414" 1 5 4 4
"415" 5 6 5 2
"416" 2 6 4 4
"417" 6 5 3 7
"418" 6 5 4 7
"419" 9 4 6 5
"420" 1 5 4 2
"421" 9 4 6 5
"422" 3 2 3 9
"423" 6 2 3 7
"424" 9 4 6 5
"425" 1 5 4 4
"426" 3 3 1 8
"427" 3 3 7 8
"428" 2 6 5 4
"429" 4 5 5 2
"430" 3 3 7 8
"431" 2 5 4 6
"432" 1 3 4 3
"433" 3 3 1 9
"434" 3 2 1 3
"435" 7 2 3 3
"436" 8 6 7 4
"437" 1 5 4 3
"438" 6 2 3 2
"439" 2 5 5 4
"440" 4 5 4 7
"441" 8 1 2 5
"442" 6 2 3 2
"443" 2 5 4 6
"444" 9 4 6 5
"445" 9 4 6 5
"446" 1 5 4 3
"447" 9 4 6 5
"448" 2 5 5 4
"449" 2 2 1 9
"450" 6 2 3 7
"451" 7 5 4 3
"452" 7 2 3 3
"453" 4 5 4 2
"454" 6 5 4 7
"455" 3 3 1 9
"456" 2 5 5 4
"457" 6 2 3 7
"458" 2 6 5 4
"459" 3 2 1 9
"460" 5 5 5 2
"461" 4 5 5 2
"462" 1 5 4 3
"463" 1 5 5 4
"464" 9 4 6 5
"465" 7 5 4 3
"466" 6 2 3 3
"467" 6 5 4 7
"468" 9 4 6 5
"469" 7 2 1 3
"470" 2 6 5 6
"471" 3 3 7 8
"472" 5 6 5 2
"473" 4 5 4 2
"474" 9 4 6 5
"475" 9 4 6 5
"476" 1 5 4 4
"477" 2 5 4 2
"478" 4 6 5 2
"479" 2 5 5 4
"480" 5 5 5 2
"481" 8 1 2 5
"482" 4 5 4 2
"483" 8 1 2 8
"484" 7 5 4 3
"485" 6 5 4 7
"486" 8 1 7 8
"487" 4 5 4 2
"488" 1 5 4 4
"489" 5 6 5 2
"490" 2 5 5 4
"491" 8 1 2 8
"492" 9 4 6 5
"493" 8 1 2 5
"494" 7 5 4 3
"495" 9 4 6 5
"496" 6 2 3 3
"497" 6 2 3 7
"498" 3 3 7 8
"499" 5 6 5 2
"500" 7 2 3 7
"501" 8 1 2 5
"502" 7 5 4 3
"503" 1 5 4 4
"504" 3 3 7 9
"505" 9 4 6 5
"506" 6 2 3 7
"507" 8 1 2 8
"508" 1 5 4 3
"509" 3 2 3 9
"510" 5 6 7 8
"511" 5 6 5 8
"512" 3 2 1 9
"513" 5 6 5 2
"514" 5 6 5 2
"515" 3 2 1 9
"516" 9 4 6 5
"517" 4 5 4 2
"518" 1 5 4 3
"519" 7 5 4 4
"520" 6 2 3 7
"521" 4 5 5 2
"522" 1 5 5 4
"523" 1 5 4 4
"524" 6 5 4 7
"525" 2 6 5 6
"526" 1 5 4 3
"527" 9 1 2 5
"528" 6 5 4 2
"529" 9 4 6 5
"530" 2 5 5 4
"531" 3 2 1 3
"532" 3 6 7 2
"533" 5 5 5 4
"534" 7 2 3 9
"535" 2 6 7 6
"536" 7 2 3 7
"537" 3 2 1 2
"538" 4 5 4 2
"539" 5 6 7 2
"540" 4 5 4 2
"541" 5 6 5 8
"542" 6 2 3 7
"543" 1 5 4 4
"544" 8 1 2 5
"545" 1 5 4 2
"546" 2 5 4 6
"547" 3 3 1 6
"548" 7 2 3 3
"549" 2 6 5 4
"550" 8 1 2 8
"551" 4 5 4 2
"552" 6 2 3 2
"553" 9 4 6 5
"554" 2 5 4 3
"555" 8 1 6 5
"556" 7 2 3 3
"557" 7 5 3 4
"558" 6 2 3 7
"559" 8 1 2 5
"560" 6 2 3 7
"561" 7 2 3 3
"562" 5 6 5 8
"563" 7 2 3 3
"564" 2 5 5 4
"565" 9 4 6 5
"566" 4 5 4 2
"567" 9 4 6 5
"568" 1 5 4 4
"569" 9 1 6 5
"570" 1 5 4 3
"571" 2 5 5 4
"572" 3 2 1 9
"573" 7 5 3 4
"574" 9 4 6 5
"575" 2 5 5 4
"576" 6 5 3 2
"577" 5 6 5 2
"578" 6 5 3 3
"579" 8 1 2 8
"580" 2 5 5 2
"581" 6 2 3 7
"582" 1 5 4 3
"583" 3 6 7 8
"584" 6 2 3 3
"585" 7 5 4 3
"586" 9 4 6 5
"587" 4 5 5 4
"588" 6 2 3 3
"589" 2 5 4 6
"590" 1 5 4 4
"591" 7 2 3 3
"592" 4 5 5 2
"593" 5 6 5 2
"594" 6 2 3 2
"595" 7 2 3 7
"596" 2 5 4 4
"597" 8 1 2 5
"598" 9 4 6 5
"599" 8 1 2 5
"600" 9 4 6 5
"601" 2 6 7 6
"602" 4 5 5 2
"603" 4 5 4 2
"604" 3 2 1 9
"605" 6 5 4 2
"606" 7 5 4 3
"607" 1 5 4 4
"608" 2 5 4 6
"609" 5 6 5 7
"610" 6 2 3 7
"611" 4 5 5 2
"612" 4 5 4 2
"613" 8 1 2 8
"614" 6 2 3 3
"615" 9 1 2 5
"616" 3 2 1 9
"617" 1 5 4 4
"618" 4 3 5 2
"619" 6 5 4 2
"620" 3 3 7 8
"621" 9 4 6 5
"622" 1 5 4 3
"623" 1 5 4 3
"624" 6 2 3 2
"625" 6 2 3 7
"626" 4 5 4 2
"627" 8 1 2 8
"628" 1 5 4 4
"629" 4 5 4 2
"630" 3 3 7 8
"631" 4 5 4 2
"632" 1 5 4 3
"633" 1 5 4 3
"634" 4 5 5 2
"635" 5 6 5 3
"636" 7 2 3 7
"637" 3 3 1 6
"638" 7 2 3 3
"639" 2 6 5 4
"640" 1 5 4 4
"641" 8 1 7 8
"642" 3 3 1 6
"643" 7 5 4 3
"644" 3 2 1 6
"645" 2 5 5 6
"646" 3 6 7 8
"647" 5 6 5 6
"648" 9 4 6 5
"649" 3 5 4 6
"650" 7 2 3 3
"651" 5 6 5 2
"652" 2 5 4 2
"653" 2 6 7 6
"654" 3 3 7 6
"655" 6 5 3 7
"656" 2 5 5 2
"657" 6 2 3 7
"658" 2 5 5 6
"659" 1 5 5 4
"660" 1 5 4 4
"661" 5 6 5 2
"662" 1 5 4 3
"663" 6 5 3 7
"664" 8 1 2 5
"665" 3 6 7 2
"666" 7 2 3 7
"667" 4 5 5 2
"668" 5 6 5 2
"669" 5 6 5 2
"670" 2 5 5 6
"671" 3 2 1 9
"672" 3 3 1 6
"673" 3 3 7 8
"674" 1 5 5 4
"675" 9 4 2 5
"676" 1 5 4 4
"677" 2 5 4 6
"678" 5 6 5 2
"679" 4 5 4 2
"680" 5 6 5 2
"681" 6 5 4 7
"682" 7 5 4 3
"683" 4 6 5 2
"684" 1 5 4 4
"685" 2 5 5 6
"686" 1 5 4 4
"687" 1 5 4 4
"688" 6 5 4 2
"689" 3 3 1 8
"690" 3 2 1 6
"691" 2 6 5 6
"692" 1 5 4 3
"693" 1 5 4 4
"694" 1 5 4 4
"695" 7 2 3 9
"696" 3 6 7 4
"697" 6 5 4 2
"698" 5 6 5 2
"699" 5 6 5 2
"700" 4 3 4 2
"701" 6 2 3 7
"702" 9 4 6 5
"703" 6 5 4 7
"704" 6 5 3 2
"705" 4 3 4 2
"706" 1 5 4 3
"707" 2 6 5 4
"708" 8 1 2 8
"709" 3 3 7 8
"710" 4 5 4 2
"711" 3 2 1 3
"712" 2 6 5 4
"713" 5 5 5 2
"714" 7 2 3 7
"715" 7 2 3 3
"716" 3 2 3 9
"717" 2 5 5 2
"718" 6 5 4 2
"719" 3 3 7 8
"720" 3 3 7 8
"721" 2 6 5 4
"722" 9 4 6 5
"723" 1 5 4 3
"724" 3 3 7 8
"725" 1 5 4 3
"726" 2 6 7 6
"727" 4 5 5 2
"728" 5 6 5 2
"729" 6 2 3 7
"730" 1 5 4 3
"731" 8 1 2 5
"732" 6 2 3 7
"733" 2 6 5 6
"734" 2 5 4 4
"735" 2 6 5 8
"736" 5 6 5 2
"737" 6 2 3 3
"738" 8 1 2 8
"739" 2 6 5 4
"740" 9 4 6 5
"741" 8 1 7 8
"742" 3 6 7 8
"743" 2 5 5 2
"744" 8 1 7 8
"745" 3 6 7 8
"746" 1 5 4 4
"747" 1 5 4 4
"748" 6 5 4 7
"749" 3 2 3 9
"750" 5 5 5 2
"751" 1 5 4 4
"752" 3 3 1 6
"753" 3 3 1 6
"754" 9 4 6 5
"755" 6 5 4 2
"756" 6 2 3 7
"757" 3 2 1 6
"758" 5 6 7 8
"759" 4 5 4 2
"760" 5 6 5 8
"761" 6 2 3 7
"762" 7 5 4 4
"763" 6 2 3 7
"764" 9 4 6 5
"765" 1 5 4 7
"766" 5 6 7 8
"767" 5 6 5 2
"768" 1 5 4 3
"769" 7 2 3 7
"770" 9 4 6 5
"771" 6 5 4 2
"772" 2 5 4 4
"773" 6 2 3 7
"774" 7 5 4 3
"775" 7 2 3 3
"776" 8 1 2 8
"777" 9 4 6 5
"778" 4 5 5 2
"779" 2 5 4 6
"780" 6 2 3 7
"781" 8 1 7 8
"782" 3 2 1 6
"783" 9 4 2 8
"784" 2 5 4 4
"785" 1 5 4 4
"786" 3 2 3 9
"787" 4 5 4 2
"788" 1 5 5 4
"789" 1 5 4 3
"790" 2 5 5 4
"791" 6 5 4 7
"792" 7 2 3 3
"793" 4 5 5 2
"794" 6 2 3 7
"795" 2 5 5 4
"796" 1 5 4 4
"797" 1 5 4 4
"798" 9 4 6 5
"799" 6 2 3 9
"800" 3 2 3 9
"801" 9 4 6 5
"802" 4 5 5 2
"803" 9 4 6 5
"804" 9 4 6 5
"805" 1 5 5 4
"806" 6 2 3 7
"807" 6 2 3 7
"808" 5 6 5 2
"809" 4 5 5 2
"810" 3 2 1 6
"811" 5 6 5 6
"812" 1 5 4 3
"813" 5 6 5 4
"814" 3 2 1 9
"815" 3 3 1 6
"816" 2 5 4 9
"817" 4 5 4 2
"818" 8 1 2 8
"819" 3 3 7 8
"820" 3 3 1 6
"821" 1 5 4 3
"822" 1 5 4 4
"823" 7 5 4 4
"824" 7 2 3 3
"825" 6 5 3 7
"826" 6 2 3 7
"827" 2 5 5 4
"828" 7 2 3 3
"829" 1 5 3 7
"830" 6 5 3 3
"831" 7 5 4 3
"832" 5 5 5 4
"833" 1 5 4 3
"834" 8 1 2 8
"835" 3 2 1 9
"836" 9 4 6 5
"837" 7 5 4 4
"838" 9 4 6 5
"839" 6 5 4 2
"840" 3 2 1 6
"841" 6 5 4 7
"842" 5 6 5 2
"843" 7 5 4 7
"844" 2 5 4 6
"845" 8 1 2 5
"846" 4 5 4 2
"847" 2 5 4 4
"848" 3 2 3 9
"849" 2 5 4 6
"850" 2 5 5 2
"851" 6 2 3 7
"852" 6 5 3 2
"853" 3 2 1 9
"854" 6 2 3 7
"855" 6 2 3 7
"856" 2 5 5 6
"857" 7 2 3 3
"858" 6 5 4 2
"859" 9 4 6 5
"860" 4 5 5 2
"861" 4 5 4 2
"862" 2 5 5 4
"863" 6 5 4 2
"864" 7 2 3 3
"865" 3 2 1 6
"866" 6 5 4 2
"867" 7 5 4 3
"868" 8 1 6 5
"869" 7 2 3 3
"870" 2 5 4 4
"871" 6 2 3 7
"872" 7 5 4 4
"873" 9 4 6 5
"874" 8 1 2 5
"875" 1 5 5 3
"876" 7 5 4 3
"877" 5 6 5 2
"878" 8 1 2 5
"879" 2 5 5 4
"880" 6 2 3 9
"881" 7 5 3 3
"882" 7 2 3 3
"883" 6 5 3 2
"884" 9 4 2 5
"885" 2 6 1 6
"886" 2 6 5 2
"887" 8 6 7 4
"888" 7 5 4 4
"889" 3 2 1 9
"890" 3 2 1 6
"891" 6 2 3 7
"892" 3 2 1 2
"893" 6 5 4 2
"894" 7 5 4 3
"895" 7 2 3 3
"896" 6 2 3 7
"897" 1 5 4 4
"898" 3 2 3 3
"899" 7 2 3 3
"900" 8 1 2 5
"901" 5 6 5 4
"902" 4 5 5 2
"903" 2 5 5 6
"904" 7 5 4 3
"905" 5 6 5 2
"906" 3 3 7 6
"907" 6 5 4 7
"908" 3 3 1 6
"909" 6 5 3 2
"910" 8 1 2 5
"911" 4 5 4 4
"912" 1 5 4 4
"913" 8 1 6 5
"914" 7 2 3 3
"915" 4 6 5 2
"916" 6 2 3 7
"917" 1 5 4 3
"918" 3 2 3 7
"919" 2 5 5 6
"920" 2 6 5 6
"921" 3 2 1 6
"922" 9 4 6 5
"923" 3 6 7 6
"924" 6 5 4 2
"925" 6 2 3 7
"926" 2 2 4 3
"927" 1 5 4 3
"928" 7 2 3 3
"929" 9 4 6 5
"930" 2 5 5 2
"931" 7 5 4 4
"932" 4 5 4 2
"933" 3 3 7 8
"934" 6 2 3 7
"935" 6 2 3 7
"936" 5 6 5 2
"937" 9 4 6 5
"938" 4 6 5 2
"939" 2 6 5 4
"940" 1 5 4 4
"941" 6 5 4 7
"942" 9 4 6 5
"943" 7 2 3 3
"944" 6 5 4 2
"945" 7 2 3 3
"946" 1 5 4 4
"947" 8 1 2 5
"948" 4 6 5 2
"949" 5 6 5 4
"950" 7 2 3 3
"951" 1 5 4 3
"952" 7 2 3 3
"953" 6 2 3 7
"954" 6 2 3 7
"955" 9 4 6 5
"956" 6 5 4 2
"957" 8 1 6 5
"958" 5 6 7 3
"959" 3 2 1 9
"960" 1 5 4 4
"961" 1 5 4 3
"962" 1 5 4 4
"963" 6 5 4 2
"964" 2 5 4 6
"965" 8 4 6 5
"966" 1 5 4 3
"967" 2 5 5 4
"968" 4 5 4 2
"969" 6 2 3 7
"970" 6 2 3 7
"971" 8 1 2 8
"972" 3 2 1 6
"973" 6 2 3 7
"974" 5 5 5 2
"975" 4 5 5 2
"976" 2 6 5 4
"977" 6 2 3 7
"978" 7 2 3 3
"979" 5 6 5 6
"980" 7 2 3 3
"981" 9 4 6 5
"982" 7 5 4 3
"983" 5 6 5 2
"984" 2 5 4 6
"985" 8 1 2 5
"986" 6 5 4 2
"987" 8 1 2 8
"988" 7 2 3 3
"989" 2 5 5 6
"990" 7 2 3 7
"991" 3 3 1 6
"992" 4 5 5 2
"993" 6 2 3 7
"994" 8 1 2 8
"995" 1 5 4 4
"996" 8 1 2 8
"997" 8 1 2 8
"998" 1 5 4 4
"999" 8 1 2 5
"1000" 7 2 3 7
"1001" 6 5 4 2
"1002" 2 5 4 4
"1003" 9 4 6 5
"1004" 6 2 3 7
"1005" 9 1 2 5
"1006" 1 5 4 4
"1007" 4 5 4 2
"1008" 4 5 5 2
"1009" 7 2 3 7
"1010" 1 5 4 4
"1011" 7 2 3 3
"1012" 8 1 6 5
"1013" 2 2 5 4
"1014" 1 5 4 4
"1015" 3 3 1 9
"1016" 9 4 6 5
"1017" 5 6 5 2
"1018" 2 5 4 6
"1019" 7 5 4 3
"1020" 3 3 7 8
"1021" 4 5 4 2
"1022" 8 1 2 8
"1023" 2 6 5 4
"1024" 8 1 2 8
"1025" 5 6 5 2
"1026" 8 4 6 5
"1027" 6 2 3 7
"1028" 7 2 3 3
"1029" 6 2 3 7
"1030" 5 6 5 4
"1031" 3 2 1 6
"1032" 1 5 4 3
"1033" 1 5 4 3
"1034" 3 6 7 8
"1035" 1 5 4 4
"1036" 3 2 1 9
"1037" 4 5 5 2
"1038" 9 4 2 5
"1039" 2 5 4 4
"1040" 2 5 4 6
"1041" 8 1 2 5
"1042" 4 5 4 4
"1043" 5 6 5 2
"1044" 5 6 5 4
"1045" 3 2 1 9
"1046" 8 1 2 8
"1047" 2 5 5 4
"1048" 9 4 6 5
"1049" 2 6 5 3
"1050" 2 5 5 4
"1051" 6 2 3 7
"1052" 8 1 6 5
"1053" 4 5 4 2
"1054" 2 5 4 3
"1055" 8 1 6 5
"1056" 7 5 4 3
"1057" 7 2 3 3
"1058" 4 5 4 2
"1059" 2 6 5 4
"1060" 6 2 3 7
"1061" 8 6 7 8
"1062" 5 3 7 8
"1063" 7 2 3 3
"1064" 3 3 1 6
"1065" 7 2 3 3
"1066" 4 5 4 2
"1067" 9 4 6 8
"1068" 4 5 4 2
"1069" 7 2 1 9
"1070" 3 6 7 6
"1071" 3 3 1 3
"1072" 6 2 3 3
"1073" 4 5 4 2
"1074" 3 2 1 9
"1075" 6 5 4 2
"1076" 5 6 5 2
"1077" 6 2 3 7
"1078" 1 5 4 3
"1079" 6 5 4 2
"1080" 8 4 6 5
"1081" 3 2 1 9
"1082" 6 2 3 9
"1083" 2 5 5 6
"1084" 1 5 4 3
"1085" 7 5 4 4
"1086" 8 1 2 8
"1087" 7 2 3 3
"1088" 6 5 4 4
"1089" 7 2 3 3
"1090" 4 6 5 2
"1091" 1 5 4 3
"1092" 5 6 5 3
"1093" 1 5 4 4
"1094" 6 5 4 2
"1095" 4 5 5 2
"1096" 4 5 5 2
"1097" 7 5 4 3
"1098" 9 4 6 5
"1099" 1 5 4 4
"1100" 5 3 3 2
"1101" 2 5 4 6
"1102" 1 5 4 3
"1103" 7 2 3 3
"1104" 3 2 1 9
"1105" 8 1 2 8
"1106" 7 5 4 3
"1107" 2 3 1 6
"1108" 6 2 3 7
"1109" 9 4 6 5
"1110" 9 4 6 5
"1111" 2 5 5 6
"1112" 3 2 3 9
"1113" 8 1 2 5
"1114" 7 5 4 3
"1115" 2 5 5 4
"1116" 3 3 1 6
"1117" 7 2 3 3
"1118" 3 3 1 6
"1119" 2 5 5 6
"1120" 7 5 4 3
"1121" 2 6 5 4
"1122" 7 6 4 3
"1123" 7 2 3 3
"1124" 1 5 4 3
"1125" 2 6 5 4
"1126" 4 5 4 2
"1127" 6 2 3 7
"1128" 8 1 6 5
"1129" 1 5 5 3
"1130" 4 5 4 2
"1131" 7 5 4 3
"1132" 5 6 5 4
"1133" 8 4 6 5
"1134" 6 5 3 2
"1135" 2 5 5 2
"1136" 6 5 3 2
"1137" 8 1 2 8
"1138" 7 2 3 3
"1139" 1 5 4 3
"1140" 2 6 5 4
"1141" 5 6 5 8
"1142" 2 5 5 2
"1143" 2 5 1 6
"1144" 3 2 3 9
"1145" 1 5 4 3
"1146" 1 5 4 3
"1147" 1 5 4 4
"1148" 8 1 7 8
"1149" 3 3 1 6
"1150" 9 4 6 5
"1151" 7 5 4 3
"1152" 1 5 4 3
"1153" 7 5 4 3
"1154" 6 5 4 4
"1155" 3 2 1 6
"1156" 3 2 1 9
"1157" 3 3 7 8
"1158" 4 5 4 2
"1159" 4 5 4 2
"1160" 2 6 5 4
"1161" 7 2 3 3
"1162" 8 1 2 5
"1163" 2 5 4 6
"1164" 9 4 6 5
"1165" 2 5 5 6
"1166" 2 5 5 6
"1167" 5 6 5 2
"1168" 1 5 4 4
"1169" 2 6 5 6
"1170" 7 2 3 3
"1171" 3 2 1 9
"1172" 4 5 4 7
"1173" 9 4 2 5
"1174" 2 6 5 4
"1175" 6 2 3 7
"1176" 3 3 7 8
"1177" 6 2 3 7
"1178" 3 3 7 8
"1179" 5 5 5 3
"1180" 6 2 3 7
"1181" 5 6 5 2
"1182" 1 5 4 3
"1183" 6 5 4 7
"1184" 5 6 7 8
"1185" 7 2 3 3
"1186" 7 2 3 3
"1187" 3 2 1 9
"1188" 3 2 1 3
"1189" 8 1 7 8
"1190" 7 2 3 9
"1191" 3 3 7 8
"1192" 2 5 5 6
"1193" 8 4 6 5
"1194" 7 5 4 3
"1195" 3 3 1 6
"1196" 6 5 4 7
"1197" 4 5 5 2
"1198" 9 4 6 5
"1199" 3 3 1 6
"1200" 9 4 6 5
"1201" 7 3 3 7
"1202" 6 5 4 7
"1203" 9 4 6 5
"1204" 2 5 5 4
"1205" 2 5 4 2
"1206" 2 5 5 2
"1207" 2 5 4 2
"1208" 6 2 3 9
"1209" 7 2 1 3
"1210" 6 2 3 7
"1211" 8 1 2 8
"1212" 3 2 1 9
"1213" 5 6 5 8
"1214" 5 6 5 2
"1215" 7 2 3 3
"1216" 3 3 1 6
"1217" 2 5 4 6
"1218" 6 2 3 7
"1219" 8 1 2 5
"1220" 6 2 3 7
"1221" 6 5 3 7
"1222" 3 2 1 9
"1223" 6 5 4 2
"1224" 2 5 5 2
"1225" 1 5 5 4
"1226" 2 5 4 6
"1227" 3 3 7 8
"1228" 3 3 7 8
"1229" 7 2 3 3
"1230" 6 2 3 7
"1231" 6 2 3 3
"1232" 8 1 2 5
"1233" 2 5 4 6
"1234" 2 5 4 3
"1235" 3 6 7 8
"1236" 5 6 5 2
"1237" 9 4 6 5
"1238" 6 5 4 2
"1239" 6 2 3 9
"1240" 3 3 7 6
"1241" 2 5 4 3
"1242" 8 1 2 8
"1243" 6 2 3 7
"1244" 7 2 3 3
"1245" 5 6 5 2
"1246" 7 2 3 3
"1247" 1 5 5 4
"1248" 9 4 6 5
"1249" 1 5 4 4
"1250" 2 5 5 4
"1251" 6 2 3 7
"1252" 3 3 1 6
"1253" 8 1 2 5
"1254" 1 5 5 3
"1255" 4 5 4 2
"1256" 6 5 4 2
"1257" 8 1 2 8
"1258" 9 4 6 5
"1259" 3 2 3 9
"1260" 6 2 3 3
"1261" 3 1 7 8
"1262" 1 5 4 3
"1263" 2 5 5 6
"1264" 3 3 7 8
"1265" 7 5 4 3
"1266" 5 6 7 8
"1267" 6 2 3 7
"1268" 4 5 5 2
"1269" 1 5 4 3
"1270" 8 1 2 5
"1271" 3 2 1 9
"1272" 3 3 1 9
"1273" 6 2 3 7
"1274" 1 5 4 4
"1275" 1 3 4 4
"1276" 5 6 5 8
"1277" 7 3 3 3
"1278" 4 6 5 2
"1279" 8 1 2 8
"1280" 9 4 6 5
"1281" 8 1 2 5
"1282" 7 5 4 3
"1283" 6 2 3 7
"1284" 9 4 6 5
"1285" 1 5 5 4
"1286" 4 5 5 2
"1287" 4 5 4 2
"1288" 7 2 3 3
"1289" 1 5 4 3
"1290" 1 5 4 4
"1291" 7 2 3 3
"1292" 2 5 5 6
"1293" 9 4 6 5
"1294" 5 5 4 2
"1295" 7 5 4 3
"1296" 7 5 4 3
"1297" 1 3 4 3
"1298" 3 3 7 8
"1299" 1 5 5 4
"1300" 9 4 6 5
"1301" 1 5 4 4
"1302" 9 4 6 5
"1303" 8 1 2 8
"1304" 2 5 5 4
"1305" 7 5 4 4
"1306" 3 3 7 8
"1307" 1 5 4 4
"1308" 1 5 4 4
"1309" 3 3 1 6
"1310" 8 1 7 8
"1311" 3 2 3 9
"1312" 8 4 6 5
"1313" 2 5 4 3
"1314" 1 5 4 4
"1315" 6 2 3 7
"1316" 2 6 4 4
"1317" 5 6 5 2
"1318" 2 5 5 6
"1319" 2 5 5 6
"1320" 1 5 5 2
"1321" 6 2 3 7
"1322" 2 6 5 6
"1323" 3 3 2 5
"1324" 3 3 1 8
"1325" 8 1 2 5
"1326" 4 5 4 2
"1327" 8 1 2 5
"1328" 9 4 6 5
"1329" 5 6 5 2
"1330" 5 6 5 4
"1331" 7 5 4 3
"1332" 6 2 3 7
"1333" 8 1 2 5
"1334" 8 1 2 5
"1335" 1 5 4 4
"1336" 7 2 3 3
"1337" 2 6 5 4
"1338" 4 5 4 2
"1339" 8 1 2 5
"1340" 9 4 6 5
"1341" 7 5 4 3
"1342" 5 6 5 6
"1343" 9 4 6 5
"1344" 6 2 3 9
"1345" 9 4 6 5
"1346" 2 5 5 4
"1347" 9 4 6 5
"1348" 9 4 6 5
"1349" 8 1 5 8
"1350" 9 4 6 5
"1351" 3 3 1 6
"1352" 4 5 4 2
"1353" 4 5 4 2
"1354" 2 5 5 4
"1355" 3 2 3 9
"1356" 5 6 5 2
"1357" 5 6 5 2
"1358" 1 5 4 3
"1359" 6 5 3 7
"1360" 3 3 7 8
"1361" 1 5 4 3
"1362" 4 5 4 2
"1363" 6 5 4 2
"1364" 6 2 3 2
"1365" 7 2 3 3
"1366" 3 2 1 6
"1367" 3 2 1 9
"1368" 7 5 4 3
"1369" 1 5 4 4
"1370" 1 5 5 4
"1371" 3 6 7 8
"1372" 2 6 5 6
"1373" 9 1 2 5
"1374" 1 5 4 3
"1375" 1 5 4 4
"1376" 6 2 3 7
"1377" 2 6 5 4
"1378" 9 4 6 5
"1379" 4 5 4 2
"1380" 8 1 2 8
"1381" 2 6 5 4
"1382" 9 4 6 5
"1383" 5 6 5 9
"1384" 1 5 4 4
"1385" 9 4 6 5
"1386" 3 3 7 8
"1387" 5 6 5 2
"1388" 2 5 4 6
"1389" 3 3 1 6
"1390" 7 2 3 3
"1391" 2 5 4 6
"1392" 2 5 4 7
"1393" 1 5 4 4
"1394" 9 4 6 5
"1395" 4 5 4 2
"1396" 3 2 1 9
"1397" 6 2 3 3
"1398" 6 5 4 2
"1399" 7 2 3 3
"1400" 4 5 4 2
"1401" 3 6 7 8
"1402" 1 5 4 3
"1403" 2 5 5 6
"1404" 3 3 1 6
"1405" 9 4 6 5
"1406" 1 5 4 4
"1407" 8 1 2 5
"1408" 4 5 4 2
"1409" 1 5 4 3
"1410" 9 4 6 5
"1411" 7 2 3 3
"1412" 1 5 5 4
"1413" 8 1 2 8
"1414" 6 5 4 7
"1415" 5 6 5 4
"1416" 2 5 5 6
"1417" 6 2 3 7
"1418" 4 5 4 2
"1419" 3 3 1 6
"1420" 4 6 5 2
"1421" 3 2 3 9
"1422" 3 3 7 8
"1423" 9 4 2 5
"1424" 8 1 2 8
"1425" 1 5 4 4
"1426" 4 5 4 2
"1427" 1 5 4 2
"1428" 6 2 3 7
"1429" 6 2 3 7
"1430" 1 5 4 4
"1431" 2 2 3 9
"1432" 6 5 4 2
"1433" 3 2 1 9
"1434" 7 2 3 3
"1435" 2 6 5 3
"1436" 7 5 4 3
"1437" 2 5 5 6
"1438" 1 5 4 4
"1439" 1 5 4 3
"1440" 8 1 6 5
"1441" 8 1 2 5
"1442" 2 6 5 4
"1443" 7 3 3 3
"1444" 6 5 4 2
"1445" 6 2 3 7
"1446" 7 2 3 3
"1447" 1 5 4 4
"1448" 8 1 2 5
"1449" 3 2 1 9
"1450" 6 2 3 3
"1451" 8 1 2 8
"1452" 5 6 5 2
"1453" 8 1 2 8
"1454" 3 6 5 2
"1455" 7 2 3 3
"1456" 2 5 4 2
"1457" 3 2 1 9
"1458" 4 5 5 2
"1459" 9 4 6 5
"1460" 5 6 7 2
"1461" 6 2 3 7
"1462" 7 2 3 7
"1463" 1 5 4 2
"1464" 2 6 5 4
"1465" 8 1 2 8
"1466" 6 2 3 7
"1467" 6 5 4 2
"1468" 4 5 4 2
"1469" 6 5 3 2
"1470" 7 2 3 3
"1471" 3 2 1 9
"1472" 9 4 6 5
"1473" 9 4 6 5
"1474" 6 5 4 7
"1475" 3 6 7 2
"1476" 4 5 5 2
"1477" 3 2 1 9
"1478" 1 5 4 3
"1479" 2 5 5 4
"1480" 3 3 7 8
"1481" 4 5 5 2
"1482" 1 5 4 4
"1483" 6 3 3 7
"1484" 5 5 5 4
"1485" 1 5 4 3
"1486" 3 2 3 9
"1487" 1 5 4 4
"1488" 8 1 2 8
"1489" 1 5 4 4
"1490" 2 5 4 6
"1491" 2 6 5 4
"1492" 8 1 2 8
"1493" 6 2 3 7
"1494" 3 2 1 9
"1495" 1 5 4 7
"1496" 1 5 4 4
"1497" 2 5 5 4
"1498" 9 4 6 5
"1499" 3 3 3 9
"1500" 9 4 6 5
"1501" 9 1 6 5
"1502" 3 3 1 6
"1503" 3 3 1 6
"1504" 1 5 4 3
"1505" 4 5 4 2
"1506" 7 2 3 3
"1507" 2 5 5 2
"1508" 2 5 4 6
"1509" 7 2 1 3
"1510" 8 1 2 8
"1511" 3 2 1 9
"1512" 7 2 3 3
"1513" 3 2 1 6
"1514" 4 5 5 2
"1515" 3 3 1 6
"1516" 9 4 6 5
"1517" 1 5 4 3
"1518" 8 1 2 5
"1519" 5 6 5 2
"1520" 7 5 4 3
"1521" 3 6 7 6
"1522" 7 5 4 4
"1523" 8 1 2 5
"1524" 1 5 5 4
"1525" 2 5 5 4
"1526" 5 5 5 4
"1527" 9 4 6 5
"1528" 6 2 3 7
"1529" 1 5 4 3
"1530" 9 4 6 5
"1531" 3 2 3 6
"1532" 2 5 4 6
"1533" 9 4 6 5
"1534" 6 2 3 7
"1535" 4 5 5 2
"1536" 7 2 3 7
"1537" 8 1 6 5
"1538" 8 6 7 6
"1539" 3 6 5 8
"1540" 6 2 3 9
"1541" 4 5 5 2
"1542" 5 6 5 4
"1543" 3 2 3 9
"1544" 9 1 6 5
"1545" 3 2 1 3
"1546" 6 2 3 7
"1547" 5 5 5 2
"1548" 2 5 5 6
"1549" 7 2 3 3
"1550" 7 2 4 9
"1551" 2 5 5 4
"1552" 5 2 3 2
"1553" 8 1 6 5
"1554" 2 5 5 4
"1555" 3 6 7 8
"1556" 9 4 6 5
"1557" 1 5 4 4
"1558" 2 5 5 4
"1559" 1 5 4 4
"1560" 6 5 4 2
"1561" 8 1 2 8
"1562" 5 6 5 4
"1563" 3 3 1 6
"1564" 2 5 4 6
"1565" 6 2 3 7
"1566" 7 2 3 7
"1567" 8 1 6 5
"1568" 6 5 4 7
"1569" 9 4 6 5
"1570" 1 5 4 4
"1571" 3 2 3 9
"1572" 2 5 5 6
"1573" 9 4 6 5
"1574" 2 6 5 6
"1575" 7 2 3 3
"1576" 8 1 2 8
"1577" 1 5 4 4
"1578" 8 1 2 8
"1579" 2 5 4 2
"1580" 1 5 4 4
"1581" 6 2 3 7
"1582" 6 5 4 7
"1583" 5 5 5 3
"1584" 2 5 5 4
"1585" 6 2 3 7
"1586" 1 5 3 4
"1587" 4 5 5 2
"1588" 9 1 6 5
"1589" 6 5 4 2
"1590" 5 6 5 2
"1591" 4 5 5 2
"1592" 7 5 4 3
"1593" 2 5 5 4
"1594" 2 5 5 4
"1595" 5 6 7 2
"1596" 1 5 4 4
"1597" 1 5 4 3
"1598" 9 4 6 5
"1599" 9 4 6 5
"1600" 9 4 6 5
"1601" 4 5 4 2
"1602" 6 2 3 7
"1603" 2 5 5 4
"1604" 8 1 2 8
"1605" 2 6 5 4
"1606" 6 5 4 7
"1607" 2 5 5 2
"1608" 7 2 3 3
"1609" 5 3 5 8
"1610" 3 3 1 6
"1611" 7 2 3 3
"1612" 5 6 5 2
"1613" 1 5 5 4
"1614" 9 4 6 5
"1615" 4 5 5 2
"1616" 6 2 3 7
"1617" 5 6 5 2
"1618" 4 5 5 2
"1619" 2 5 5 4
"1620" 3 2 1 9
"1621" 1 5 4 3
"1622" 7 2 3 3
"1623" 3 3 7 8
"1624" 3 3 1 6
"1625" 4 5 5 2
"1626" 1 5 4 4
"1627" 6 2 3 7
"1628" 3 3 7 8
"1629" 9 4 6 5
"1630" 2 6 5 6
"1631" 7 5 4 3
"1632" 8 1 2 5
"1633" 6 2 3 7
"1634" 6 2 3 7
"1635" 3 3 1 6
"1636" 8 4 6 5
"1637" 2 5 5 4
"1638" 1 5 4 3
"1639" 1 5 4 4
"1640" 9 4 6 5
"1641" 3 3 7 8
"1642" 9 4 6 5
"1643" 1 5 5 6
"1644" 7 2 3 7
"1645" 9 1 6 5
"1646" 9 4 6 5
"1647" 4 5 5 2
"1648" 9 4 6 5
"1649" 6 2 3 7
"1650" 6 2 3 3
"1651" 5 6 5 3
"1652" 8 3 2 8
"1653" 4 5 4 2
"1654" 3 6 7 8
"1655" 2 5 5 3
"1656" 3 3 1 3
"1657" 9 4 6 5
"1658" 9 4 2 5
"1659" 7 2 3 3
"1660" 2 5 5 4
"1661" 7 2 3 3
"1662" 4 5 4 4
"1663" 9 4 6 5
"1664" 8 1 2 5
"1665" 1 5 4 4
"1666" 8 1 2 8
"1667" 6 2 3 7
"1668" 6 2 3 7
"1669" 1 5 4 3
"1670" 6 2 3 7
"1671" 2 5 4 3
"1672" 8 1 2 8
"1673" 6 2 3 7
"1674" 5 6 5 2
"1675" 7 2 3 3
"1676" 5 6 7 2
"1677" 6 5 4 2
"1678" 3 3 1 6
"1679" 1 5 4 3
"1680" 2 6 5 8
"1681" 7 2 3 3
"1682" 9 4 6 5
"1683" 4 5 4 2
"1684" 5 6 5 2
"1685" 5 6 5 2
"1686" 2 5 4 6
"1687" 7 2 3 3
"1688" 7 5 4 3
"1689" 3 3 7 8
"1690" 6 2 3 7
"1691" 5 5 5 2
"1692" 2 5 5 2
"1693" 4 5 5 2
"1694" 3 3 7 8
"1695" 8 1 2 8
"1696" 5 3 7 2
"1697" 1 5 4 3
"1698" 1 5 4 4
"1699" 7 2 3 3
"1700" 4 5 4 4
"1701" 8 1 2 5
"1702" 1 5 5 4
"1703" 2 6 5 6
"1704" 5 5 5 3
"1705" 3 3 7 8
"1706" 6 2 3 7
"1707" 4 5 5 2
"1708" 1 5 4 3
"1709" 7 2 3 3
"1710" 3 2 3 9
"1711" 9 4 2 5
"1712" 4 5 5 2
"1713" 2 6 5 6
"1714" 8 1 6 5
"1715" 9 1 6 5
"1716" 7 2 3 3
"1717" 1 5 4 4
"1718" 3 2 3 9
"1719" 5 6 5 3
"1720" 4 5 5 2
"1721" 8 1 2 8
"1722" 7 5 4 3
"1723" 7 2 3 3
"1724" 3 3 1 6
"1725" 9 4 6 5
"1726" 7 2 3 9
"1727" 2 5 5 6
"1728" 7 2 3 3
"1729" 1 5 4 4
"1730" 9 4 6 5
"1731" 1 5 4 4
"1732" 4 5 5 2
"1733" 9 4 6 5
"1734" 6 2 3 7
"1735" 5 3 5 8
"1736" 4 5 5 2
"1737" 9 4 6 5
"1738" 8 1 2 5
"1739" 7 2 3 3
"1740" 2 6 5 4
"1741" 8 1 6 5
"1742" 4 5 4 2
"1743" 6 2 3 7
"1744" 2 6 5 4
"1745" 5 6 5 4
"1746" 8 1 2 8
"1747" 9 4 6 5
"1748" 7 2 3 3
"1749" 3 2 1 9
"1750" 4 5 4 4
"1751" 2 6 5 6
"1752" 8 6 7 8
"1753" 8 1 2 8
"1754" 7 5 4 3
"1755" 3 3 7 8
"1756" 3 2 1 6
"1757" 1 5 4 3
"1758" 5 5 5 4
"1759" 7 2 3 3
"1760" 1 5 4 4
"1761" 5 6 5 2
"1762" 4 5 5 2
"1763" 4 5 5 2
"1764" 3 3 7 8
"1765" 5 6 7 8
"1766" 4 5 4 2
"1767" 2 5 4 3
"1768" 2 5 5 4
"1769" 8 4 2 5
"1770" 4 5 4 2
"1771" 7 2 3 3
"1772" 9 4 6 5
"1773" 6 2 3 7
"1774" 8 1 2 5
"1775" 8 1 2 8
"1776" 2 5 4 3
"1777" 7 2 3 7
"1778" 6 5 4 7
"1779" 8 1 2 8
"1780" 2 5 4 6
"1781" 2 2 4 6
"1782" 6 2 3 3
"1783" 3 2 1 9
"1784" 2 5 4 6
"1785" 1 5 4 3
"1786" 2 5 5 6
"1787" 7 5 3 3
"1788" 7 2 3 3
"1789" 3 6 7 8
"1790" 4 5 5 2
"1791" 7 5 4 3
"1792" 5 6 5 2
"1793" 5 6 5 2
"1794" 4 5 5 2
"1795" 7 5 4 3
"1796" 6 2 3 7
"1797" 1 5 4 4
"1798" 2 5 4 6
"1799" 5 6 5 2
"1800" 9 1 2 8
"1801" 3 2 1 9
"1802" 5 5 5 2
"1803" 3 3 1 6
"1804" 3 3 7 8
"1805" 2 6 5 4
"1806" 8 1 2 8
"1807" 3 2 1 6
"1808" 2 5 4 2
"1809" 3 2 1 6
"1810" 3 3 7 8
"1811" 3 2 1 2
"1812" 8 1 2 8
"1813" 1 5 4 4
"1814" 2 6 5 4
"1815" 7 5 4 3
"1816" 2 5 5 4
"1817" 4 5 4 2
"1818" 6 2 3 7
"1819" 3 2 3 9
"1820" 9 4 6 5
"1821" 7 5 3 3
"1822" 2 5 4 3
"1823" 3 3 7 8
"1824" 7 2 3 3
"1825" 5 5 5 2
"1826" 7 5 4 4
"1827" 5 5 5 3
"1828" 1 5 4 4
"1829" 2 5 5 4
"1830" 8 1 2 5
"1831" 2 5 4 2
"1832" 6 5 4 2
"1833" 1 5 4 4
"1834" 7 5 4 3
"1835" 6 2 3 7
"1836" 1 5 5 4
"1837" 7 2 3 9
"1838" 3 6 7 8
"1839" 6 2 3 7
"1840" 4 5 5 2
"1841" 2 5 5 6
"1842" 3 2 1 6
"1843" 4 5 5 2
"1844" 8 1 2 5
"1845" 9 4 6 5
"1846" 6 2 3 7
"1847" 4 5 5 2
"1848" 2 5 5 6
"1849" 8 1 2 5
"1850" 7 2 3 3
"1851" 3 3 1 6
"1852" 6 2 3 7
"1853" 2 5 4 6
"1854" 9 4 6 5
"1855" 6 2 3 7
"1856" 7 5 3 3
"1857" 2 6 5 6
"1858" 3 2 1 6
"1859" 4 5 5 2
"1860" 5 6 5 2
"1861" 3 3 1 6
"1862" 6 5 4 7
"1863" 9 4 6 5
"1864" 8 1 6 5
"1865" 2 6 5 6
"1866" 8 1 2 5
"1867" 1 5 4 3
"1868" 3 3 1 3
"1869" 9 4 6 5
"1870" 6 2 3 7
"1871" 1 5 4 3
"1872" 2 5 4 6
"1873" 3 6 7 8
"1874" 7 2 3 3
"1875" 4 5 5 2
"1876" 6 5 4 2
"1877" 6 2 3 7
"1878" 9 4 2 5
"1879" 1 5 4 4
"1880" 3 2 1 9
"1881" 4 5 5 2
"1882" 5 6 5 4
"1883" 3 2 1 6
"1884" 9 4 6 5
"1885" 6 2 3 3
"1886" 6 5 4 2
"1887" 2 5 5 4
"1888" 8 1 2 5
"1889" 5 2 3 2
"1890" 2 5 5 4
"1891" 2 6 5 6
"1892" 9 4 2 5
"1893" 2 5 5 4
"1894" 1 5 5 4
"1895" 5 5 5 4
"1896" 4 5 5 2
"1897" 5 6 5 2
"1898" 4 6 5 2
"1899" 9 4 6 5
"1900" 3 2 1 9
"1901" 4 5 5 2
"1902" 7 2 3 7
"1903" 6 5 4 7
"1904" 4 5 4 2
"1905" 9 4 6 5
"1906" 9 1 6 5
"1907" 1 5 5 4
"1908" 3 3 7 8
"1909" 3 2 1 9
"1910" 6 2 3 7
"1911" 9 4 6 5
"1912" 2 5 4 6
"1913" 7 2 1 3
"1914" 6 2 3 7
"1915" 8 1 2 5
"1916" 6 2 3 7
"1917" 2 5 5 2
"1918" 9 4 6 5
"1919" 1 5 4 3
"1920" 9 4 6 5
"1921" 7 2 3 3
"1922" 4 5 5 2
"1923" 7 2 1 9
"1924" 3 3 1 6
"1925" 6 2 3 7
"1926" 5 6 5 2
"1927" 7 2 1 3
"1928" 5 6 5 2
"1929" 9 4 6 5
"1930" 3 2 3 9
"1931" 8 1 2 8
"1932" 4 5 5 2
"1933" 8 1 2 5
"1934" 3 3 7 8
"1935" 4 5 5 2
"1936" 4 5 5 2
"1937" 3 6 7 4
"1938" 9 4 6 5
"1939" 7 2 1 9
"1940" 1 5 4 4
"1941" 3 1 7 8
"1942" 8 1 2 8
"1943" 3 2 1 6
"1944" 3 3 7 8
"1945" 9 4 6 5
"1946" 2 2 1 3
"1947" 7 2 3 3
"1948" 1 5 5 4
"1949" 7 5 4 3
"1950" 2 2 3 6
"1951" 6 5 4 2
"1952" 1 5 4 3
"1953" 9 4 6 5
"1954" 2 5 5 4
"1955" 2 5 4 6
"1956" 5 5 5 4
"1957" 1 5 4 3
"1958" 8 1 2 8
"1959" 6 2 3 3
"1960" 2 5 4 4
"1961" 2 6 5 4
"1962" 4 5 4 3
"1963" 9 4 6 5
"1964" 9 4 6 5
"1965" 5 5 5 2
"1966" 3 2 1 9
"1967" 1 5 4 4
"1968" 5 5 5 4
"1969" 3 2 3 7
"1970" 8 1 2 8
"1971" 3 2 1 6
"1972" 5 6 5 3
"1973" 2 5 5 4
"1974" 9 4 2 5
"1975" 4 5 5 2
"1976" 7 2 3 3
"1977" 9 4 6 5
"1978" 3 3 1 3
"1979" 2 6 5 4
"1980" 7 2 3 3
"1981" 5 6 5 2
"1982" 5 5 5 4
"1983" 7 2 3 3
"1984" 7 2 3 3
"1985" 3 3 7 8
"1986" 7 2 3 7
"1987" 7 2 3 3
"1988" 5 6 5 6
"1989" 7 2 3 9
"1990" 4 5 4 2
"1991" 2 6 5 4
"1992" 8 1 2 5
"1993" 1 5 4 4
"1994" 7 5 4 3
"1995" 7 2 4 3
"1996" 5 6 5 4
"1997" 9 4 6 5
"1998" 4 5 5 2
"1999" 4 5 5 2
"2000" 5 6 5 2
"2001" 6 2 3 7
"2002" 9 4 6 5
"2003" 2 5 5 6
"2004" 5 6 5 2
"2005" 6 5 4 7
"2006" 7 2 3 3
"2007" 2 6 5 6
"2008" 6 2 3 7
"2009" 2 6 5 6
"2010" 2 5 4 3
"2011" 9 4 6 5
"2012" 9 4 6 5
"2013" 6 2 3 7
"2014" 9 4 6 5
"2015" 3 3 1 6
"2016" 7 2 3 7
"2017" 4 5 4 2
"2018" 5 6 7 8
"2019" 3 3 4 8
"2020" 9 1 2 5
"2021" 8 4 6 5
"2022" 6 2 3 7
"2023" 3 2 1 9
"2024" 5 5 5 2
"2025" 3 6 3 9
"2026" 6 5 4 2
"2027" 4 5 5 2
"2028" 2 6 5 6
"2029" 2 5 5 6
"2030" 6 2 3 7
"2031" 3 3 7 8
"2032" 2 5 5 4
"2033" 7 6 4 3
"2034" 4 5 5 2
"2035" 6 2 3 7
"2036" 2 5 5 2
"2037" 2 6 5 4
"2038" 7 2 3 7
"2039" 3 3 1 6
"2040" 3 3 1 3
"2041" 1 5 4 4
"2042" 4 5 4 2
"2043" 6 2 3 7
"2044" 3 3 1 6
"2045" 2 5 5 4
"2046" 6 2 3 7
"2047" 6 2 3 7
"2048" 5 6 5 2
"2049" 1 5 4 4
"2050" 3 6 7 6
"2051" 3 3 1 6
"2052" 4 5 4 2
"2053" 6 2 3 2
"2054" 9 4 6 5
"2055" 7 5 4 3
"2056" 6 2 3 2
"2057" 3 2 1 3
"2058" 7 5 4 3
"2059" 8 1 2 5
"2060" 6 2 3 7
"2061" 9 1 2 5
"2062" 7 2 3 3
"2063" 3 3 7 8
"2064" 9 4 6 5
"2065" 3 6 7 8
"2066" 8 4 6 5
"2067" 8 1 2 8
"2068" 7 2 3 9
"2069" 1 5 4 2
"2070" 8 1 2 5
"2071" 4 3 5 2
"2072" 2 5 5 4
"2073" 9 4 6 5
"2074" 3 3 7 8
"2075" 2 5 4 6
"2076" 2 5 5 4
"2077" 3 6 7 6
"2078" 8 1 2 8
"2079" 9 4 6 5
"2080" 6 2 3 7
"2081" 4 5 5 2
"2082" 7 2 3 3
"2083" 1 5 4 3
"2084" 7 2 3 3
"2085" 4 5 4 2
"2086" 4 5 4 2
"2087" 5 6 5 2
"2088" 7 2 3 3
"2089" 3 3 1 6
"2090" 9 4 6 5
"2091" 6 5 4 7
"2092" 5 5 5 2
"2093" 4 5 5 2
"2094" 2 5 5 3
"2095" 6 5 4 7
"2096" 9 4 6 5
"2097" 8 1 2 8
"2098" 3 6 7 8
"2099" 3 3 1 6
"2100" 6 5 4 2
"2101" 6 5 3 2
"2102" 2 6 5 4
"2103" 3 3 1 6
"2104" 2 6 5 6
"2105" 7 2 3 3
"2106" 1 5 5 4
"2107" 9 4 6 5
"2108" 6 5 4 2
"2109" 1 5 4 4
"2110" 3 6 7 8
"2111" 6 2 3 7
"2112" 5 6 5 2
"2113" 4 6 5 2
"2114" 3 3 1 6
"2115" 2 5 5 4
"2116" 2 6 5 6
"2117" 1 5 4 4
"2118" 1 5 4 4
"2119" 4 5 5 2
"2120" 8 1 2 5
"2121" 9 4 2 5
"2122" 5 6 5 2
"2123" 9 4 6 5
"2124" 2 5 5 6
"2125" 4 5 5 2
"2126" 7 2 3 3
"2127" 8 1 6 5
"2128" 3 2 1 9
"2129" 7 5 4 3
"2130" 3 2 1 6
"2131" 8 1 2 8
"2132" 6 5 4 2
"2133" 9 4 6 5
"2134" 7 5 4 3
"2135" 3 3 7 8
"2136" 2 5 5 4
"2137" 4 5 4 3
"2138" 2 5 4 6
"2139" 6 2 3 9
"2140" 7 2 3 3
"2141" 4 5 5 2
"2142" 1 5 5 4
"2143" 7 5 4 3
"2144" 6 5 4 7
"2145" 2 5 5 2
"2146" 5 6 5 4
"2147" 4 5 4 2
"2148" 6 5 4 2
"2149" 4 5 4 2
"2150" 6 2 3 2
"2151" 9 4 6 5
"2152" 8 1 2 8
"2153" 4 6 5 2
"2154" 3 6 5 8
"2155" 7 2 3 3
"2156" 4 5 5 2
"2157" 5 6 5 2
"2158" 7 2 3 9
"2159" 3 2 1 6
"2160" 8 1 2 8
"2161" 8 1 7 8
"2162" 7 2 3 3
"2163" 8 1 2 8
"2164" 8 1 2 8
"2165" 6 5 3 7
"2166" 6 2 3 7
"2167" 9 4 2 5
"2168" 6 5 4 2
"2169" 1 5 4 4
"2170" 1 5 4 2
"2171" 2 5 4 3
"2172" 1 5 4 4
"2173" 8 1 2 8
"2174" 9 4 6 5
"2175" 3 2 1 3
"2176" 5 6 5 4
"2177" 5 6 5 4
"2178" 8 1 2 5
"2179" 3 3 1 6
"2180" 8 1 2 5
"2181" 5 5 5 2
"2182" 2 5 5 4
"2183" 3 3 3 9
"2184" 3 2 1 6
"2185" 2 5 4 6
"2186" 3 3 7 6
"2187" 9 4 6 5
"2188" 3 2 1 6
"2189" 9 4 6 5
"2190" 3 3 7 8
"2191" 3 2 1 9
"2192" 4 5 4 2
"2193" 5 5 5 4
"2194" 6 2 3 7
"2195" 1 5 4 4
"2196" 1 5 5 3
"2197" 9 4 6 5
"2198" 7 2 3 3
"2199" 1 5 4 2
"2200" 1 5 4 2
"2201" 6 2 3 2
"2202" 6 5 4 7
"2203" 3 6 7 8
"2204" 8 1 2 5
"2205" 7 5 4 3
"2206" 3 3 1 2
"2207" 8 1 2 8
"2208" 9 4 2 5
"2209" 3 3 3 3
"2210" 8 1 2 5
"2211" 6 2 3 2
"2212" 3 3 3 3
"2213" 1 5 4 3
"2214" 6 2 3 3
"2215" 5 6 7 8
"2216" 3 2 3 9
"2217" 9 4 6 5
"2218" 5 2 3 2
"2219" 6 2 3 7
"2220" 9 4 6 5
"2221" 9 4 2 5
"2222" 4 5 5 2
"2223" 2 5 4 3
"2224" 3 3 1 6
"2225" 3 6 7 8
"2226" 6 5 4 7
"2227" 1 5 4 4
"2228" 4 5 5 2
"2229" 3 3 1 6
"2230" 6 2 3 7
"2231" 6 2 3 7
"2232" 1 5 5 4
"2233" 6 2 3 7
"2234" 3 2 1 6
"2235" 7 2 4 3
"2236" 5 5 5 2
"2237" 6 2 3 3
"2238" 3 2 1 3
"2239" 1 5 4 4
"2240" 9 4 6 5
"2241" 3 3 7 8
"2242" 4 5 4 4
"2243" 2 6 5 4
"2244" 2 5 5 6
"2245" 6 5 4 7
"2246" 1 5 4 3
"2247" 7 2 3 3
"2248" 4 5 5 2
"2249" 7 2 3 3
"2250" 1 5 4 3
"2251" 4 5 5 2
"2252" 1 5 4 4
"2253" 8 4 2 5
"2254" 3 3 7 8
"2255" 3 3 5 8
"2256" 5 6 5 4
"2257" 1 5 5 4
"2258" 2 5 5 4
"2259" 5 6 5 2
"2260" 6 5 4 2
"2261" 6 2 3 3
"2262" 2 5 5 6
"2263" 1 5 4 3
"2264" 4 5 5 2
"2265" 2 3 5 6
"2266" 9 4 6 5
"2267" 4 5 5 2
"2268" 8 1 2 5
"2269" 5 6 5 2
"2270" 6 2 3 7
"2271" 4 5 5 2
"2272" 2 5 5 6
"2273" 3 6 7 8
"2274" 4 6 5 2
"2275" 8 3 7 8
"2276" 3 2 1 9
"2277" 4 5 5 2
"2278" 2 5 5 4
"2279" 2 5 5 3
"2280" 3 3 1 6
"2281" 4 5 5 2
"2282" 2 5 4 6
"2283" 7 5 3 4
"2284" 9 4 6 5
"2285" 2 5 5 6
"2286" 9 4 6 5
"2287" 1 5 4 4
"2288" 7 2 3 7
"2289" 1 5 4 4
"2290" 4 5 5 2
"2291" 3 2 3 9
"2292" 3 3 1 6
"2293" 3 3 1 6
"2294" 3 3 7 8
"2295" 2 6 5 4
"2296" 9 4 6 5
"2297" 4 5 5 2
"2298" 4 5 4 2
"2299" 6 2 3 7
"2300" 3 3 1 6
"2301" 9 4 6 5
"2302" 8 1 2 5
"2303" 2 5 5 2
"2304" 2 5 5 4
"2305" 4 5 4 7
"2306" 2 6 5 4
"2307" 1 5 5 4
"2308" 3 2 1 6
"2309" 8 1 2 8
"2310" 3 3 1 6
"2311" 4 5 4 4
"2312" 8 1 2 5
"2313" 3 6 1 6
"2314" 8 1 2 5
"2315" 3 3 7 8
"2316" 4 5 5 2
"2317" 3 3 7 8
"2318" 2 5 5 2
"2319" 1 5 4 4
"2320" 3 2 1 6
"2321" 2 5 4 6
"2322" 8 1 2 5
"2323" 2 6 5 6
"2324" 1 5 4 4
"2325" 8 1 2 8
"2326" 1 5 4 3
"2327" 4 5 5 2
"2328" 9 4 6 5
"2329" 8 1 6 5
"2330" 1 5 4 3
"2331" 2 5 5 4
"2332" 2 5 5 6
"2333" 3 2 1 3
"2334" 2 5 5 4
"2335" 2 5 4 2
"2336" 9 1 2 5
"2337" 2 5 5 4
"2338" 8 1 2 8
"2339" 9 4 6 8
"2340" 6 2 3 7
"2341" 6 2 3 7
"2342" 8 6 7 8
"2343" 6 2 3 7
"2344" 7 2 3 3
"2345" 7 5 4 3
"2346" 8 1 2 8
"2347" 3 2 1 9
"2348" 6 5 4 2
"2349" 3 3 1 6
"2350" 6 2 3 7
"2351" 7 2 3 3
"2352" 3 3 1 6
"2353" 9 4 6 5
"2354" 3 2 1 9
"2355" 3 3 7 8
"2356" 2 5 5 4
"2357" 6 5 3 3
"2358" 6 2 3 7
"2359" 5 6 5 2
"2360" 8 1 2 5
"2361" 2 5 5 4
"2362" 6 2 3 7
"2363" 3 3 1 6
"2364" 2 5 5 4
"2365" 6 5 4 7
"2366" 3 3 7 8
"2367" 9 4 6 5
"2368" 7 2 1 3
"2369" 1 5 4 4
"2370" 1 5 4 4
"2371" 8 1 2 8
"2372" 5 6 5 4
"2373" 6 5 4 2
"2374" 8 1 2 5
"2375" 1 5 5 3
"2376" 5 6 5 2
"2377" 3 3 7 8
"2378" 7 2 3 9
"2379" 1 5 5 4
"2380" 3 2 3 9
"2381" 9 4 2 5
"2382" 7 2 3 3
"2383" 2 5 4 4
"2384" 3 6 7 6
"2385" 4 5 5 2
"2386" 5 6 5 2
"2387" 8 1 2 5
"2388" 3 2 3 9
"2389" 2 6 5 4
"2390" 3 3 2 8
"2391" 4 5 5 2
"2392" 2 5 4 7
"2393" 2 5 4 6
"2394" 3 2 1 9
"2395" 6 5 4 7
"2396" 2 5 4 3
"2397" 9 4 6 5
"2398" 5 5 4 3
"2399" 6 5 4 2
"2400" 1 5 4 4
"2401" 3 2 1 9
"2402" 6 5 3 7
"2403" 6 2 3 7
"2404" 9 4 6 5
"2405" 9 4 6 5
"2406" 1 5 4 4
"2407" 7 2 3 3
"2408" 1 5 5 3
"2409" 2 5 4 6
"2410" 6 2 3 2
"2411" 1 5 4 4
"2412" 8 1 2 5
"2413" 2 5 5 4
"2414" 5 5 5 4
"2415" 7 5 4 3
"2416" 5 6 5 4
"2417" 3 6 5 2
"2418" 1 5 4 4
"2419" 2 5 5 4
"2420" 1 5 4 3
"2421" 3 2 1 9
"2422" 1 5 4 3
"2423" 7 2 3 3
"2424" 7 2 3 6
"2425" 3 2 1 9
"2426" 5 6 5 2
"2427" 3 2 1 9
"2428" 8 1 2 8
"2429" 5 6 5 8
"2430" 3 6 7 8
"2431" 9 4 6 5
"2432" 1 5 4 4
"2433" 1 5 4 3
"2434" 4 5 5 2
"2435" 4 5 5 2
"2436" 5 5 5 2
"2437" 9 4 6 5
"2438" 9 4 6 5
"2439" 3 3 1 6
"2440" 7 5 4 4
"2441" 3 2 3 9
"2442" 4 5 4 2
"2443" 5 6 5 8
"2444" 7 2 3 3
"2445" 4 5 4 2
"2446" 3 2 1 6
"2447" 9 4 6 5
"2448" 9 4 6 5
"2449" 3 6 7 8
"2450" 3 3 7 8
"2451" 1 5 4 3
"2452" 7 2 3 3
"2453" 8 1 7 8
"2454" 6 2 3 7
"2455" 9 4 6 5
"2456" 6 5 4 7
"2457" 1 5 5 4
"2458" 7 2 3 9
"2459" 7 2 3 3
"2460" 2 6 4 2
"2461" 7 2 3 3
"2462" 3 3 1 6
"2463" 3 2 1 6
"2464" 2 5 5 2
"2465" 6 5 4 2
"2466" 1 5 4 3
"2467" 2 6 5 4
"2468" 2 5 4 3
"2469" 8 1 2 5
"2470" 6 2 3 7
"2471" 9 1 6 5
"2472" 6 5 4 2
"2473" 2 5 5 4
"2474" 4 6 5 2
"2475" 4 5 5 2
"2476" 2 5 4 6
"2477" 4 5 5 2
"2478" 3 2 1 9
"2479" 4 5 5 4
"2480" 3 3 1 6
"2481" 7 2 3 3
"2482" 9 4 6 5
"2483" 3 2 3 9
"2484" 8 1 6 5
"2485" 1 5 5 4
"2486" 2 5 5 4
"2487" 7 5 4 3
"2488" 3 6 7 8
"2489" 3 3 7 8
"2490" 7 5 4 4
"2491" 3 2 1 9
"2492" 7 2 3 3
"2493" 5 6 5 3
"2494" 2 5 5 2
"2495" 4 5 4 2
"2496" 2 6 5 4
"2497" 6 5 4 7
"2498" 4 5 5 2
"2499" 3 6 7 8
"2500" 5 6 5 4
"2501" 9 4 2 5
"2502" 6 2 3 7
"2503" 1 5 4 4
"2504" 8 1 2 8
"2505" 9 4 6 5
"2506" 7 2 3 3
"2507" 6 2 3 7
"2508" 2 5 3 3
"2509" 1 5 4 3
"2510" 1 5 4 4
"2511" 6 2 3 7
"2512" 6 2 3 7
"2513" 4 5 5 2
"2514" 4 5 4 2
"2515" 4 5 5 2
"2516" 8 1 2 8
"2517" 9 4 6 5
"2518" 2 5 4 6
"2519" 1 5 5 6
"2520" 7 5 4 3
"2521" 3 3 1 6
"2522" 8 1 2 8
"2523" 9 4 6 5
"2524" 6 5 4 7
"2525" 3 6 7 8
"2526" 4 5 5 2
"2527" 6 2 3 2
"2528" 3 3 2 8
"2529" 7 2 4 3
"2530" 8 1 2 8
"2531" 7 5 4 3
"2532" 2 6 5 6
"2533" 1 5 4 3
"2534" 3 6 7 6
"2535" 7 2 1 6
"2536" 6 2 3 7
"2537" 4 5 4 2
"2538" 3 6 7 8
"2539" 6 5 4 2
"2540" 7 5 4 3
"2541" 1 5 5 4
"2542" 2 6 5 4
"2543" 6 2 3 7
"2544" 1 5 4 4
"2545" 2 6 5 4
"2546" 5 6 7 2
"2547" 7 2 3 6
"2548" 9 4 6 5
"2549" 8 1 2 8
"2550" 3 3 7 8
"2551" 9 4 6 5
"2552" 2 5 5 2
"2553" 4 5 4 2
"2554" 8 1 2 5
"2555" 5 6 5 8
"2556" 2 5 4 6
"2557" 8 1 2 8
"2558" 6 2 3 9
"2559" 5 5 5 7
"2560" 1 5 4 4
"2561" 2 6 5 4
"2562" 1 5 4 3
"2563" 4 5 5 2
"2564" 9 4 6 5
"2565" 3 3 1 6
"2566" 5 5 5 2
"2567" 1 5 4 3
"2568" 3 2 1 6
"2569" 1 5 5 4
"2570" 4 5 5 2
"2571" 5 6 5 2
"2572" 6 2 3 7
"2573" 5 6 5 2
"2574" 2 5 5 6
"2575" 3 6 7 8
"2576" 3 3 7 8
"2577" 7 2 3 3
"2578" 4 5 5 2
"2579" 6 2 3 3
"2580" 3 1 7 8
"2581" 6 5 3 7
"2582" 8 1 2 8
"2583" 3 2 3 9
"2584" 7 3 3 3
"2585" 3 2 1 6
"2586" 3 2 3 9
"2587" 2 5 5 6
"2588" 5 6 5 2
"2589" 6 5 4 3
"2590" 7 3 4 3
"2591" 6 2 3 7
"2592" 9 4 6 5
"2593" 9 4 6 5
"2594" 2 6 5 4
"2595" 6 2 3 7
"2596" 6 2 3 7
"2597" 6 5 3 7
"2598" 6 5 4 3
"2599" 3 2 1 3
"2600" 4 5 5 2
"2601" 3 2 3 9
"2602" 2 6 5 6
"2603" 5 5 5 2
"2604" 1 5 4 4
"2605" 9 4 6 5
"2606" 6 2 3 7
"2607" 6 2 3 7
"2608" 7 2 3 3
"2609" 1 5 4 3
"2610" 2 6 5 4
"2611" 3 3 7 8
"2612" 5 6 5 2
"2613" 7 2 3 7
"2614" 3 3 7 8
"2615" 3 3 1 6
"2616" 6 2 3 7
"2617" 2 5 5 6
"2618" 1 5 4 4
"2619" 4 5 4 2
"2620" 1 5 5 3
"2621" 2 5 5 4
"2622" 5 5 5 4
"2623" 3 6 7 8
"2624" 4 5 4 2
"2625" 8 1 2 8
"2626" 9 4 6 5
"2627" 8 4 6 5
"2628" 3 3 1 6
"2629" 6 2 3 2
"2630" 3 2 1 9
"2631" 8 1 2 5
"2632" 1 5 4 4
"2633" 7 2 3 3
"2634" 8 1 2 8
"2635" 7 2 3 3
"2636" 3 2 3 9
"2637" 9 4 6 5
"2638" 7 2 3 3
"2639" 2 2 1 6
"2640" 9 4 2 8
"2641" 5 5 5 4
"2642" 8 1 2 8
"2643" 3 2 1 9
"2644" 6 5 4 2
"2645" 6 5 3 2
"2646" 2 5 4 6
"2647" 2 2 4 3
"2648" 6 2 3 3
"2649" 3 3 7 8
"2650" 7 2 3 3
"2651" 9 4 6 5
"2652" 2 5 4 6
"2653" 9 4 6 5
"2654" 7 2 3 3
"2655" 1 5 4 4
"2656" 8 1 6 5
"2657" 5 6 5 2
"2658" 4 5 4 3
"2659" 4 3 4 2
"2660" 2 5 4 6
"2661" 3 2 1 9
"2662" 3 3 7 8
"2663" 8 1 2 5
"2664" 9 4 6 5
"2665" 4 5 4 2
"2666" 1 5 4 3
"2667" 7 5 4 3
"2668" 4 5 5 2
"2669" 8 1 2 8
"2670" 9 4 6 5
"2671" 1 5 4 4
"2672" 7 2 3 3
"2673" 1 5 4 3
"2674" 7 2 3 7
"2675" 6 5 4 7
"2676" 6 5 3 2
"2677" 6 2 3 7
"2678" 3 6 7 6
"2679" 4 5 4 2
"2680" 2 5 4 6
"2681" 5 6 5 8
"2682" 4 6 5 2
"2683" 2 6 7 2
"2684" 5 6 5 4
"2685" 3 2 1 6
"2686" 3 3 1 6
"2687" 3 2 3 9
"2688" 2 6 7 6
"2689" 3 3 7 8
"2690" 4 6 5 2
"2691" 8 1 2 8
"2692" 7 2 3 3
"2693" 9 4 6 5
"2694" 4 5 4 2
"2695" 6 5 4 2
"2696" 3 6 7 2
"2697" 2 6 5 4
"2698" 8 1 2 8
"2699" 5 6 7 8
"2700" 3 3 7 6
"2701" 3 2 3 3
"2702" 8 1 2 5
"2703" 9 4 6 5
"2704" 2 5 4 6
"2705" 3 3 7 8
"2706" 2 5 5 6
"2707" 8 1 2 8
"2708" 3 6 7 2
"2709" 2 5 5 3
"2710" 2 5 5 4
"2711" 3 6 7 8
"2712" 3 6 7 8
"2713" 9 4 6 5
"2714" 8 1 2 5
"2715" 6 5 4 7
"2716" 8 1 2 5
"2717" 6 2 3 7
"2718" 9 4 6 5
"2719" 9 4 6 5
"2720" 4 5 5 2
"2721" 6 2 3 7
"2722" 1 5 4 4
"2723" 6 5 4 7
"2724" 8 1 2 8
"2725" 7 2 3 3
"2726" 4 5 5 2
"2727" 2 6 5 6
"2728" 8 1 2 5
"2729" 3 3 1 6
"2730" 9 4 2 5
"2731" 2 5 4 6
"2732" 1 5 4 4
"2733" 6 3 3 7
"2734" 8 1 2 5
"2735" 8 1 2 5
"2736" 6 2 3 3
"2737" 2 5 4 4
"2738" 6 3 3 7
"2739" 6 2 3 7
"2740" 1 5 4 3
"2741" 1 5 4 4
"2742" 5 6 5 4
"2743" 3 2 1 2
"2744" 6 2 3 7
"2745" 1 5 4 4
"2746" 3 3 1 6
"2747" 6 5 4 7
"2748" 7 2 3 3
"2749" 4 5 5 2
"2750" 1 5 4 4
"2751" 6 5 4 2
"2752" 9 4 6 5
"2753" 2 6 5 6
"2754" 7 2 3 3
"2755" 3 3 7 8
"2756" 4 5 4 2
"2757" 2 5 5 6
"2758" 8 1 2 8
"2759" 7 2 3 3
"2760" 4 5 4 2
"2761" 9 4 6 5
"2762" 2 5 4 6
"2763" 7 6 3 3
"2764" 6 5 4 2
"2765" 3 3 1 6
"2766" 4 5 5 2
"2767" 1 5 4 3
"2768" 6 5 4 7
"2769" 5 5 5 2
"2770" 3 6 5 8
"2771" 2 5 5 4
"2772" 8 1 2 8
"2773" 8 1 2 8
"2774" 8 1 2 8
"2775" 6 2 3 7
"2776" 1 5 4 4
"2777" 6 2 3 7
"2778" 3 3 7 8
"2779" 9 4 6 5
"2780" 6 5 4 7
"2781" 4 5 4 2
"2782" 7 5 4 3
"2783" 2 5 4 6
"2784" 1 5 4 3
"2785" 4 5 5 2
"2786" 2 6 4 4
"2787" 1 5 4 4
"2788" 3 3 7 6
"2789" 2 5 5 4
"2790" 3 3 7 8
"2791" 9 4 6 5
"2792" 7 2 3 3
"2793" 9 1 6 5
"2794" 9 1 2 5
"2795" 2 6 5 4
"2796" 3 3 1 6
"2797" 9 4 6 5
"2798" 4 5 4 2
"2799" 3 2 1 6
"2800" 2 6 5 6
"2801" 9 4 6 5
"2802" 1 5 3 3
"2803" 7 2 3 7
"2804" 2 5 5 4
"2805" 3 2 1 6
"2806" 7 2 3 3
"2807" 7 5 3 3
"2808" 7 2 3 3
"2809" 7 2 3 3
"2810" 7 2 3 7
"2811" 8 1 7 8
"2812" 7 2 3 3
"2813" 6 2 3 7
"2814" 5 6 7 8
"2815" 7 2 1 9
"2816" 9 4 6 5
"2817" 6 5 4 2
"2818" 2 5 5 6
"2819" 9 4 6 8
"2820" 9 4 6 5
"2821" 9 4 2 5
"2822" 9 4 6 5
"2823" 4 5 4 2
"2824" 3 3 1 6
"2825" 6 2 3 3
"2826" 3 2 3 9
"2827" 3 2 1 3
"2828" 6 2 3 9
"2829" 1 5 4 3
"2830" 6 2 3 3
"2831" 4 6 5 2
"2832" 7 3 3 9
"2833" 9 4 6 5
"2834" 8 1 2 5
"2835" 5 6 5 2
"2836" 7 2 3 3
"2837" 1 5 4 4
"2838" 1 5 4 4
"2839" 2 5 4 6
"2840" 3 6 7 8
"2841" 2 3 4 2
"2842" 9 4 6 5
"2843" 6 5 4 2
"2844" 2 5 4 3
"2845" 7 2 3 3
"2846" 6 2 3 7
"2847" 4 5 4 2
"2848" 2 5 4 6
"2849" 1 5 4 3
"2850" 2 5 4 6
"2851" 2 6 5 6
"2852" 2 5 5 2
"2853" 2 6 5 6
"2854" 6 5 4 2
"2855" 9 4 6 5
"2856" 7 5 4 3
"2857" 1 5 5 4
"2858" 3 3 7 8
"2859" 8 1 6 5
"2860" 4 5 4 2
"2861" 9 4 6 5
"2862" 2 5 5 4
"2863" 8 1 2 8
"2864" 4 5 5 2
"2865" 3 3 7 8
"2866" 2 6 5 6
"2867" 6 2 3 2
"2868" 7 5 4 4
"2869" 7 5 4 3
"2870" 6 2 3 7
"2871" 1 5 4 4
"2872" 5 5 4 3
"2873" 2 5 5 4
"2874" 9 4 6 5
"2875" 4 5 5 2
"2876" 5 6 5 2
"2877" 8 1 2 8
"2878" 8 1 2 5
"2879" 5 6 5 2
"2880" 1 5 4 4
"2881" 3 6 7 6
"2882" 3 1 7 8
"2883" 2 5 5 6
"2884" 2 5 4 2
"2885" 6 2 3 7
"2886" 6 5 3 7
"2887" 6 2 3 7
"2888" 6 5 4 2
"2889" 3 6 1 6
"2890" 4 5 4 2
"2891" 3 3 1 6
"2892" 8 1 2 8
"2893" 8 1 6 5
"2894" 5 6 5 2
"2895" 2 5 5 4
"2896" 2 5 4 6
"2897" 3 3 7 8
"2898" 1 5 4 3
"2899" 8 1 2 8
"2900" 2 5 5 6
"2901" 9 4 6 5
"2902" 2 5 4 6
"2903" 2 6 5 4
"2904" 6 2 3 4
"2905" 7 2 3 3
"2906" 3 2 1 6
"2907" 6 5 4 3
"2908" 5 6 5 4
"2909" 1 5 5 3
"2910" 8 1 2 5
"2911" 6 5 3 7
"2912" 3 3 1 6
"2913" 7 2 3 3
"2914" 7 2 3 3
"2915" 1 5 4 3
"2916" 2 5 4 4
"2917" 2 5 4 4
"2918" 8 1 7 8
"2919" 9 4 6 5
"2920" 7 2 3 3
"2921" 3 6 7 8
"2922" 3 2 1 9
"2923" 9 4 6 5
"2924" 7 2 3 3
"2925" 4 5 4 2
"2926" 4 5 5 2
"2927" 9 4 6 5
"2928" 1 5 4 4
"2929" 4 5 4 2
"2930" 6 2 3 7
"2931" 4 5 4 2
"2932" 2 6 5 4
"2933" 4 5 5 2
"2934" 8 1 2 8
"2935" 2 5 5 8
"2936" 5 6 5 2
"2937" 8 1 2 5
"2938" 1 5 5 4
"2939" 5 6 5 4
"2940" 6 2 3 3
"2941" 8 1 7 8
"2942" 2 5 5 6
"2943" 3 6 7 2
"2944" 9 4 6 5
"2945" 7 2 3 3
"2946" 6 2 3 3
"2947" 1 5 4 4
"2948" 6 2 3 7
"2949" 6 5 4 7
"2950" 2 6 5 4
"2951" 2 5 5 4
"2952" 1 5 4 4
"2953" 2 5 5 4
"2954" 1 5 4 4
"2955" 5 5 5 4
"2956" 6 2 3 7
"2957" 9 4 6 5
"2958" 2 5 4 2
"2959" 1 5 4 3
"2960" 6 2 3 7
"2961" 6 2 3 9
"2962" 2 5 4 6
"2963" 6 2 3 3
"2964" 9 4 6 5
"2965" 7 5 4 7
"2966" 1 5 4 4
"2967" 1 5 4 3
"2968" 2 5 4 4
"2969" 3 3 1 6
"2970" 5 6 5 2
"2971" 1 5 4 4
"2972" 4 5 4 7
"2973" 5 6 5 2
"2974" 3 3 7 6
"2975" 1 5 4 3
"2976" 4 5 4 2
"2977" 8 1 2 8
"2978" 7 2 3 9
"2979" 4 5 4 2
"2980" 1 5 4 4
"2981" 4 5 5 2
"2982" 5 6 5 2
"2983" 8 1 6 5
"2984" 5 5 5 2
"2985" 2 6 5 4
"2986" 6 2 3 7
"2987" 5 6 5 2
"2988" 1 5 5 4
"2989" 2 5 4 6
"2990" 2 5 4 4
"2991" 5 2 3 2
"2992" 7 2 3 3
"2993" 2 5 5 4
"2994" 4 5 4 2
"2995" 7 5 4 3
"2996" 4 5 5 2
"2997" 4 5 4 2
"2998" 2 5 5 2
"2999" 2 5 4 6
"3000" 4 5 4 2
"3001" 9 4 6 5
"3002" 9 4 6 5
"3003" 8 4 6 5
"3004" 2 6 5 6
"3005" 9 4 6 5
"3006" 6 2 3 7
"3007" 5 6 5 8
"3008" 4 5 5 2
"3009" 6 2 1 2
"3010" 6 2 3 7
"3011" 3 2 1 9
"3012" 2 6 5 6
"3013" 4 5 4 2
"3014" 3 2 1 6
"3015" 7 5 4 4
"3016" 3 2 1 6
"3017" 3 3 1 3
"3018" 2 5 4 6
"3019" 1 5 4 3
"3020" 4 5 5 2
"3021" 2 5 5 4
"3022" 6 2 3 7
"3023" 4 5 5 2
"3024" 1 5 4 3
"3025" 7 2 3 3
"3026" 1 5 4 3
"3027" 7 2 3 3
"3028" 2 5 4 6
"3029" 1 5 5 4
"3030" 2 6 5 6
"3031" 2 5 5 6
"3032" 6 5 4 2
"3033" 5 6 5 2
"3034" 4 5 4 2
"3035" 6 2 3 7
"3036" 5 6 5 2
"3037" 2 5 5 4
"3038" 1 5 4 3
"3039" 7 2 3 3
"3040" 9 4 6 5
"3041" 7 2 3 3
"3042" 3 2 3 9
"3043" 1 5 4 4
"3044" 6 2 3 2
"3045" 8 1 2 8
"3046" 7 2 3 3
"3047" 2 5 5 6
"3048" 6 2 3 7
"3049" 8 4 6 5
"3050" 2 2 1 9
"3051" 7 2 3 3
"3052" 4 5 5 2
"3053" 3 3 7 6
"3054" 3 2 3 3
"3055" 3 2 1 9
"3056" 7 5 3 3
"3057" 8 1 2 8
"3058" 7 2 3 3
"3059" 3 3 1 6
"3060" 8 1 2 8
"3061" 4 5 4 2
"3062" 3 6 7 2
"3063" 9 4 6 5
"3064" 6 2 3 9
"3065" 6 5 3 2
"3066" 1 5 4 4
"3067" 5 6 5 2
"3068" 2 5 4 3
"3069" 3 6 7 8
"3070" 1 5 4 3
"3071" 4 5 4 7
"3072" 2 6 5 4
"3073" 6 2 3 7
"3074" 7 2 3 3
"3075" 7 5 4 3
"3076" 4 3 4 2
"3077" 3 2 1 9
"3078" 5 5 5 2
"3079" 4 5 5 2
"3080" 1 5 4 3
"3081" 4 5 4 2
"3082" 4 6 5 2
"3083" 6 2 3 7
"3084" 6 2 3 2
"3085" 6 2 3 7
"3086" 7 5 4 4
"3087" 6 2 3 7
"3088" 9 4 6 5
"3089" 7 2 3 3
"3090" 4 5 4 2
"3091" 4 6 5 2
"3092" 1 5 4 4
"3093" 3 2 1 6
"3094" 6 2 3 7
"3095" 4 5 5 2
"3096" 6 5 4 2
"3097" 1 5 5 4
"3098" 4 5 4 2
"3099" 2 6 5 4
"3100" 3 2 1 9
"3101" 1 5 4 3
"3102" 8 1 2 8
"3103" 3 2 1 6
"3104" 7 2 3 7
"3105" 7 5 4 3
"3106" 2 2 4 3
"3107" 4 5 4 7
"3108" 6 5 4 7
"3109" 4 5 4 2
"3110" 1 5 4 4
"3111" 1 5 5 4
"3112" 2 6 5 8
"3113" 6 2 3 7
"3114" 6 5 4 2
"3115" 2 5 5 4
"3116" 5 5 5 2
"3117" 7 5 4 3
"3118" 8 4 6 5
"3119" 6 5 4 2
"3120" 6 2 3 7
"3121" 3 2 3 9
"3122" 3 3 1 6
"3123" 6 2 3 2
"3124" 7 2 3 3
"3125" 1 5 4 4
"3126" 9 4 6 5
"3127" 3 3 1 6
"3128" 3 3 1 3
"3129" 3 2 1 6
"3130" 4 5 5 2
"3131" 8 1 6 5
"3132" 6 2 3 3
"3133" 6 2 3 7
"3134" 6 5 4 2
"3135" 5 6 5 2
"3136" 5 6 5 2
"3137" 3 2 3 9
"3138" 2 5 5 6
"3139" 2 6 5 4
"3140" 4 5 4 2
"3141" 3 6 7 8
"3142" 9 4 6 5
"3143" 7 2 4 4
"3144" 4 5 4 3
"3145" 3 2 1 9
"3146" 7 2 3 9
"3147" 2 6 5 4
"3148" 3 3 7 8
"3149" 1 5 4 3
"3150" 8 1 7 8
"3151" 8 1 2 8
"3152" 8 1 2 8
"3153" 3 6 7 6
"3154" 1 5 4 4
"3155" 6 2 3 7
"3156" 8 1 2 5
"3157" 8 1 2 8
"3158" 2 5 5 6
"3159" 6 2 3 7
"3160" 2 5 5 4
"3161" 6 2 3 3
"3162" 1 5 4 4
"3163" 3 3 1 6
"3164" 6 5 4 7
"3165" 8 1 2 5
"3166" 2 5 5 4
"3167" 8 1 2 8
"3168" 2 5 5 4
"3169" 3 2 1 9
"3170" 5 6 5 2
"3171" 4 5 4 2
"3172" 4 5 4 2
"3173" 2 5 5 6
"3174" 4 5 4 2
"3175" 6 2 3 9
"3176" 7 2 3 3
"3177" 3 2 1 9
"3178" 3 3 1 6
"3179" 2 5 5 6
"3180" 2 6 5 4
"3181" 2 5 5 2
"3182" 5 6 5 4
"3183" 1 5 4 4
"3184" 9 4 6 5
"3185" 1 5 4 4
"3186" 1 5 4 4
"3187" 3 3 1 6
"3188" 1 5 4 3
"3189" 9 4 6 5
"3190" 1 5 5 4
"3191" 2 5 5 6
"3192" 8 1 2 8
"3193" 1 5 4 3
"3194" 5 6 5 2
"3195" 3 3 1 9
"3196" 1 5 4 4
"3197" 5 6 5 4
"3198" 3 3 1 6
"3199" 9 4 6 5
"3200" 3 6 7 8
"3201" 5 6 5 2
"3202" 6 5 4 2
"3203" 1 5 4 3
"3204" 3 3 1 6
"3205" 4 5 5 2
"3206" 5 6 5 2
"3207" 8 1 2 8
"3208" 9 4 2 8
"3209" 3 3 1 6
"3210" 8 1 2 8
"3211" 3 2 3 9
"3212" 3 2 1 6
"3213" 2 5 5 4
"3214" 2 5 4 4
"3215" 4 5 5 2
"3216" 1 5 4 4
"3217" 7 2 3 3
"3218" 3 3 1 6
"3219" 7 2 3 3
"3220" 2 6 5 6
"3221" 6 5 4 7
"3222" 8 1 2 5
"3223" 5 5 5 2
"3224" 4 5 5 2
"3225" 9 4 6 5
"3226" 4 5 4 4
"3227" 3 3 7 6
"3228" 4 5 5 2
"3229" 4 5 5 2
"3230" 7 2 3 3
"3231" 2 6 5 4
"3232" 9 4 6 5
"3233" 5 6 5 2
"3234" 3 3 1 6
"3235" 1 5 3 3
"3236" 2 6 5 6
"3237" 7 2 3 3
"3238" 1 5 4 4
"3239" 6 2 3 7
"3240" 7 2 3 3
"3241" 3 2 1 3
"3242" 4 5 5 2
"3243" 9 4 6 5
"3244" 3 2 1 6
"3245" 5 5 5 4
"3246" 8 1 6 5
"3247" 7 2 3 9
"3248" 2 5 4 3
"3249" 3 3 1 6
"3250" 5 5 5 2
"3251" 1 5 4 3
"3252" 8 1 2 8
"3253" 6 5 4 2
"3254" 3 3 1 6
"3255" 8 6 7 4
"3256" 2 6 5 4
"3257" 9 4 6 5
"3258" 1 5 4 4
"3259" 5 6 5 2
"3260" 2 5 4 4
"3261" 8 1 2 8
"3262" 8 1 2 5
"3263" 6 5 4 2
"3264" 4 5 5 2
"3265" 5 6 5 2
"3266" 7 5 4 4
"3267" 7 2 3 3
"3268" 6 2 3 7
"3269" 6 5 4 7
"3270" 7 5 4 3
"3271" 6 2 3 7
"3272" 7 5 4 3
"3273" 4 5 5 2
"3274" 3 3 1 6
"3275" 5 6 5 8
"3276" 7 5 3 3
"3277" 4 5 5 2
"3278" 6 5 4 7
"3279" 5 3 7 8
"3280" 9 4 6 5
"3281" 5 5 5 4
"3282" 3 3 1 6
"3283" 1 5 4 3
"3284" 7 2 3 3
"3285" 3 2 1 9
"3286" 5 5 5 2
"3287" 9 4 6 5
"3288" 3 3 1 6
"3289" 2 5 5 4
"3290" 3 2 3 3
"3291" 5 6 5 6
"3292" 3 3 1 8
"3293" 5 6 5 2
"3294" 1 5 4 4
"3295" 7 2 3 7
"3296" 6 2 3 9
"3297" 2 5 4 2
"3298" 4 5 4 2
"3299" 2 6 5 4
"3300" 4 5 5 2
"3301" 6 2 3 7
"3302" 1 5 4 3
"3303" 2 5 5 4
"3304" 1 5 5 4
"3305" 3 2 1 9
"3306" 4 5 4 4
"3307" 3 3 1 9
"3308" 6 2 3 7
"3309" 6 5 4 4
"3310" 7 2 3 3
"3311" 8 1 2 8
"3312" 2 5 4 7
"3313" 2 5 5 4
"3314" 9 4 6 5
"3315" 7 2 3 3
"3316" 1 5 4 3
"3317" 6 2 3 7
"3318" 3 3 7 8
"3319" 4 5 4 2
"3320" 2 5 5 6
"3321" 1 3 4 4
"3322" 5 6 7 2
"3323" 6 2 3 7
"3324" 8 1 2 5
"3325" 6 2 3 7
"3326" 2 2 4 3
"3327" 2 5 4 6
"3328" 4 5 5 4
"3329" 2 5 5 4
"3330" 5 6 5 2
"3331" 3 3 7 8
"3332" 2 5 5 6
"3333" 1 5 4 4
"3334" 7 2 3 3
"3335" 7 2 4 3
"3336" 6 2 3 7
"3337" 3 2 1 9
"3338" 1 5 4 3
"3339" 8 1 2 8
"3340" 7 2 3 3
"3341" 7 5 4 3
"3342" 7 2 3 9
"3343" 3 3 1 6
"3344" 5 6 5 4
"3345" 3 2 3 9
"3346" 9 4 6 5
"3347" 6 5 4 2
"3348" 7 5 4 3
"3349" 2 5 5 6
"3350" 9 4 6 5
"3351" 4 5 4 2
"3352" 7 5 4 3
"3353" 1 5 5 4
"3354" 3 2 1 3
"3355" 4 5 5 2
"3356" 7 5 4 3
"3357" 1 5 4 3
"3358" 6 2 3 7
"3359" 1 5 4 3
"3360" 7 2 3 9
"3361" 4 5 4 2
"3362" 2 5 5 6
"3363" 1 5 4 3
"3364" 7 2 3 3
"3365" 8 1 7 8
"3366" 1 5 4 4
"3367" 6 2 3 7
"3368" 4 5 5 7
"3369" 2 5 4 6
"3370" 1 5 5 4
"3371" 2 6 5 6
"3372" 8 6 7 8
"3373" 3 3 7 8
"3374" 8 1 6 5
"3375" 1 5 4 4
"3376" 4 5 5 2
"3377" 4 5 5 2
"3378" 7 2 3 7
"3379" 1 5 4 3
"3380" 2 5 4 3
"3381" 4 5 4 2
"3382" 9 4 6 5
"3383" 3 3 1 6
"3384" 4 5 4 2
"3385" 2 5 4 6
"3386" 4 5 5 2
"3387" 3 2 3 9
"3388" 5 6 5 2
"3389" 7 5 1 3
"3390" 1 5 4 4
"3391" 4 5 5 2
"3392" 3 3 7 8
"3393" 7 2 3 3
"3394" 1 5 4 4
"3395" 2 6 5 4
"3396" 2 5 4 7
"3397" 1 5 5 4
"3398" 7 2 4 3
"3399" 5 6 5 4
"3400" 7 2 4 4
"3401" 3 2 3 9
"3402" 3 3 1 6
"3403" 1 5 5 4
"3404" 7 5 4 3
"3405" 7 5 4 3
"3406" 1 5 4 4
"3407" 7 2 3 7
"3408" 2 6 5 6
"3409" 9 4 6 5
"3410" 5 6 7 8
"3411" 8 1 2 8
"3412" 4 5 5 2
"3413" 4 5 4 2
"3414" 2 5 5 4
"3415" 9 4 6 5
"3416" 3 3 1 6
"3417" 3 2 1 6
"3418" 7 5 4 3
"3419" 1 5 4 3
"3420" 8 1 2 5
"3421" 8 1 2 8
"3422" 6 2 3 7
"3423" 8 1 2 5
"3424" 7 3 3 3
"3425" 6 2 3 7
"3426" 3 2 1 9
"3427" 5 6 5 6
"3428" 6 2 3 3
"3429" 3 6 7 8
"3430" 8 1 6 5
"3431" 6 2 3 7
"3432" 4 5 5 2
"3433" 7 5 4 3
"3434" 4 5 5 2
"3435" 2 5 4 6
"3436" 8 1 2 5
"3437" 5 6 7 8
"3438" 2 5 4 4
"3439" 2 5 4 3
"3440" 3 3 7 8
"3441" 8 1 2 5
"3442" 6 2 3 2
"3443" 6 5 3 4
"3444" 3 3 3 9
"3445" 1 5 4 4
"3446" 3 2 1 9
"3447" 2 5 5 4
"3448" 8 4 6 5
"3449" 6 2 3 7
"3450" 3 6 5 8
"3451" 7 5 3 3
"3452" 2 5 4 6
"3453" 6 2 3 7
"3454" 1 5 4 4
"3455" 9 4 6 5
"3456" 6 2 3 7
"3457" 7 2 3 3
"3458" 8 1 2 5
"3459" 7 5 4 4
"3460" 8 1 2 8
"3461" 9 4 6 5
"3462" 4 5 5 2
"3463" 5 6 7 2
"3464" 2 5 4 3
"3465" 1 5 5 4
"3466" 6 2 3 3
"3467" 3 3 1 6
"3468" 7 2 3 3
"3469" 7 5 4 4
"3470" 1 5 4 4
"3471" 3 3 2 8
"3472" 6 2 3 2
"3473" 8 1 2 8
"3474" 1 5 4 4
"3475" 7 2 3 3
"3476" 3 3 3 3
"3477" 3 2 3 9
"3478" 3 2 1 9
"3479" 4 5 5 2
"3480" 2 5 5 4
"3481" 9 4 6 5
"3482" 1 5 5 4
"3483" 5 6 5 2
"3484" 4 5 4 2
"3485" 1 5 4 3
"3486" 2 6 5 6
"3487" 4 5 5 2
"3488" 1 5 4 4
"3489" 8 1 2 8
"3490" 3 2 1 9
"3491" 6 5 4 2
"3492" 2 6 5 4
"3493" 6 5 4 7
"3494" 4 5 5 2
"3495" 2 6 5 4
"3496" 6 2 3 7
"3497" 6 2 3 3
"3498" 2 5 4 4
"3499" 9 4 6 5
"3500" 1 5 4 3
"3501" 3 3 7 8
"3502" 2 5 4 6
"3503" 5 6 5 2
"3504" 8 1 7 8
"3505" 7 5 4 4
"3506" 2 6 5 6
"3507" 6 2 3 2
"3508" 8 1 2 5
"3509" 2 5 5 4
"3510" 9 4 6 5
"3511" 4 5 5 2
"3512" 6 2 3 7
"3513" 8 4 2 8
"3514" 6 5 4 2
"3515" 3 2 1 9
"3516" 6 5 4 2
"3517" 8 1 2 8
"3518" 8 1 6 5
"3519" 7 2 3 3
"3520" 8 1 2 5
"3521" 6 2 3 9
"3522" 4 5 5 2
"3523" 6 2 3 7
"3524" 1 5 4 4
"3525" 7 5 4 3
"3526" 2 6 5 6
"3527" 7 2 3 3
"3528" 7 2 3 7
"3529" 3 3 7 8
"3530" 2 5 5 2
"3531" 6 5 4 7
"3532" 4 5 5 2
"3533" 8 1 2 8
"3534" 7 2 3 3
"3535" 7 6 4 3
"3536" 3 2 1 9
"3537" 1 5 4 3
"3538" 6 2 3 7
"3539" 2 2 1 6
"3540" 5 6 5 4
"3541" 1 5 4 4
"3542" 6 2 3 7
"3543" 1 5 5 4
"3544" 8 1 2 8
"3545" 8 1 2 8
"3546" 2 6 5 6
"3547" 1 5 4 4
"3548" 2 6 5 2
"3549" 7 2 3 3
"3550" 7 5 4 3
"3551" 4 5 5 2
"3552" 5 3 5 8
"3553" 5 6 5 2
"3554" 5 5 5 2
"3555" 7 5 4 4
"3556" 3 3 7 8
"3557" 4 5 4 2
"3558" 3 3 7 8
"3559" 8 1 7 8
"3560" 7 2 3 3
"3561" 1 5 4 3
"3562" 1 5 5 4
"3563" 8 1 2 5
"3564" 9 4 6 5
"3565" 5 6 5 6
"3566" 8 1 2 8
