"SCMEB" "DRSC" "BayesSpace" "Louvain"
"1" 7 6 6 4
"2" 1 4 5 6
"3" 3 5 7 8
"4" 7 3 6 4
"5" 4 1 3 9
"6" 4 1 3 3
"7" 4 4 2 9
"8" 9 1 6 4
"9" 7 6 6 4
"10" 6 2 1 5
"11" 5 5 2 7
"12" 8 1 3 3
"13" 6 2 1 5
"14" 7 6 6 4
"15" 2 3 4 2
"16" 8 1 3 3
"17" 4 1 3 3
"18" 8 1 3 3
"19" 9 6 6 3
"20" 8 1 3 3
"21" 3 5 7 8
"22" 4 1 3 3
"23" 1 6 6 6
"24" 7 6 5 2
"25" 6 1 3 3
"26" 3 5 7 8
"27" 5 5 2 7
"28" 5 5 2 7
"29" 2 3 4 2
"30" 6 4 1 6
"31" 9 6 6 9
"32" 5 5 2 7
"33" 7 6 5 2
"34" 9 4 3 3
"35" 7 1 4 2
"36" 7 1 6 3
"37" 7 6 6 4
"38" 8 1 3 3
"39" 9 1 6 4
"40" 8 1 3 3
"41" 8 1 3 3
"42" 4 4 1 9
"43" 7 6 6 4
"44" 9 6 6 9
"45" 1 6 5 6
"46" 2 3 4 2
"47" 5 5 2 7
"48" 6 2 1 5
"49" 1 4 5 6
"50" 6 2 1 5
"51" 7 3 4 2
"52" 2 3 4 2
"53" 3 5 7 8
"54" 1 4 5 9
"55" 7 6 6 6
"56" 5 5 2 7
"57" 6 2 1 5
"58" 3 5 7 8
"59" 6 2 1 5
"60" 8 1 3 3
"61" 7 3 5 2
"62" 6 1 3 3
"63" 1 4 5 6
"64" 3 5 7 8
"65" 2 3 4 2
"66" 6 2 1 5
"67" 9 6 6 4
"68" 2 3 4 2
"69" 3 5 7 8
"70" 5 5 2 7
"71" 6 2 1 5
"72" 7 6 6 2
"73" 3 5 7 8
"74" 1 4 5 6
"75" 1 6 5 2
"76" 3 5 7 8
"77" 3 5 7 8
"78" 9 6 6 4
"79" 7 1 6 4
"80" 7 3 4 2
"81" 2 3 4 2
"82" 8 1 3 3
"83" 7 3 4 2
"84" 9 6 6 9
"85" 8 1 3 3
"86" 8 1 3 3
"87" 7 3 4 3
"88" 3 5 7 8
"89" 8 1 3 3
"90" 7 3 4 4
"91" 2 3 4 2
"92" 1 4 5 6
"93" 5 5 2 9
"94" 2 3 4 2
"95" 7 1 3 3
"96" 8 1 3 3
"97" 5 5 2 7
"98" 5 5 2 7
"99" 1 3 5 2
"100" 6 2 4 5
"101" 7 3 4 2
"102" 6 2 4 5
"103" 9 6 6 4
"104" 1 4 5 6
"105" 4 4 3 3
"106" 6 2 1 5
"107" 7 1 6 4
"108" 7 6 6 4
"109" 1 4 5 6
"110" 7 1 4 3
"111" 5 5 2 7
"112" 2 3 4 2
"113" 2 3 4 2
"114" 7 6 6 4
"115" 1 6 5 6
"116" 1 6 5 2
"117" 6 2 1 5
"118" 1 4 5 6
"119" 1 4 5 6
"120" 1 4 5 6
"121" 3 5 7 8
"122" 5 5 2 7
"123" 1 4 5 6
"124" 1 6 6 3
"125" 6 2 1 5
"126" 6 2 1 5
"127" 2 2 4 2
"128" 6 2 1 5
"129" 2 3 4 2
"130" 7 6 6 4
"131" 3 5 7 8
"132" 2 3 4 2
"133" 8 1 3 3
"134" 8 1 3 3
"135" 9 6 6 4
"136" 3 5 7 8
"137" 8 1 3 3
"138" 7 6 6 4
"139" 3 5 7 8
"140" 8 1 3 3
"141" 6 2 1 5
"142" 8 1 3 3
"143" 1 4 5 6
"144" 4 2 1 5
"145" 7 6 6 4
"146" 2 3 4 2
"147" 6 2 4 5
"148" 6 2 1 5
"149" 3 5 7 8
"150" 2 3 4 2
"151" 3 5 7 8
"152" 5 5 2 7
"153" 8 1 3 3
"154" 1 3 5 6
"155" 1 3 4 6
"156" 6 2 1 5
"157" 7 6 6 4
"158" 6 2 1 9
"159" 5 5 2 7
"160" 1 1 3 3
"161" 7 6 6 4
"162" 5 5 2 7
"163" 3 5 7 8
"164" 8 1 3 3
"165" 8 1 3 3
"166" 7 6 6 4
"167" 5 5 2 7
"168" 1 6 5 6
"169" 8 1 3 3
"170" 6 2 1 5
"171" 5 5 2 7
"172" 7 6 6 3
"173" 1 3 5 6
"174" 3 5 7 8
"175" 5 5 7 7
"176" 8 1 3 3
"177" 9 6 6 9
"178" 4 4 3 9
"179" 1 4 5 6
"180" 9 6 6 4
"181" 7 3 4 2
"182" 6 2 1 5
"183" 1 4 5 6
"184" 3 5 7 7
"185" 7 6 6 4
"186" 7 6 5 2
"187" 1 4 5 6
"188" 2 3 4 2
"189" 9 6 6 4
"190" 7 6 5 2
"191" 8 1 3 3
"192" 5 5 7 7
"193" 7 6 6 4
"194" 4 1 3 3
"195" 2 3 4 2
"196" 5 5 2 7
"197" 7 6 6 4
"198" 5 5 2 7
"199" 8 1 3 9
"200" 6 2 4 5
"201" 1 4 5 6
"202" 2 3 4 2
"203" 2 3 4 2
"204" 6 2 4 5
"205" 2 3 4 2
"206" 6 1 3 3
"207" 1 3 5 6
"208" 3 5 7 8
"209" 3 5 7 8
"210" 3 5 7 8
"211" 5 2 1 5
"212" 8 1 3 3
"213" 1 4 5 6
"214" 8 1 3 3
"215" 2 3 4 2
"216" 3 5 7 8
"217" 4 4 3 3
"218" 8 1 3 3
"219" 4 1 3 3
"220" 8 1 3 3
"221" 7 6 6 4
"222" 3 5 7 8
"223" 7 3 4 2
"224" 7 3 4 2
"225" 3 5 7 8
"226" 9 6 6 9
"227" 9 1 6 3
"228" 8 1 3 3
"229" 8 1 3 3
"230" 4 4 5 9
"231" 6 2 1 5
"232" 6 3 5 6
"233" 6 2 1 5
"234" 4 1 3 9
"235" 6 2 1 5
"236" 8 1 3 3
"237" 8 1 3 2
"238" 6 2 1 5
"239" 6 2 1 5
"240" 1 4 5 6
"241" 3 5 7 8
"242" 8 1 3 3
"243" 6 1 3 3
"244" 2 3 4 2
"245" 6 2 4 5
"246" 8 1 3 3
"247" 2 3 4 2
"248" 3 5 7 8
"249" 4 4 5 6
"250" 6 2 4 5
"251" 2 3 4 5
"252" 3 5 7 8
"253" 6 2 1 5
"254" 9 6 6 4
"255" 6 2 1 5
"256" 7 6 6 4
"257" 2 3 4 2
"258" 7 6 6 4
"259" 1 6 5 2
"260" 5 5 2 7
"261" 9 4 6 3
"262" 3 5 7 8
"263" 7 6 5 2
"264" 7 3 5 2
"265" 7 6 6 4
"266" 7 3 4 2
"267" 8 1 3 3
"268" 5 5 2 7
"269" 4 1 3 3
"270" 3 5 7 8
"271" 2 3 4 2
"272" 6 1 3 5
"273" 5 4 1 7
"274" 7 6 6 4
"275" 4 4 3 9
"276" 4 2 1 9
"277" 8 1 3 3
"278" 7 3 4 2
"279" 7 6 6 2
"280" 7 6 6 4
"281" 1 4 5 9
"282" 4 4 3 3
"283" 1 6 5 6
"284" 8 1 6 3
"285" 5 5 2 7
"286" 7 3 4 2
"287" 8 1 3 3
"288" 7 6 6 4
"289" 6 2 1 3
"290" 7 6 6 4
"291" 8 1 3 3
"292" 7 6 6 4
"293" 1 4 5 6
"294" 9 6 6 9
"295" 8 1 3 3
"296" 6 2 1 5
"297" 4 1 3 9
"298" 5 2 1 7
"299" 4 4 6 9
"300" 2 3 4 2
"301" 6 3 1 6
"302" 6 2 1 5
"303" 7 6 6 3
"304" 3 5 7 8
"305" 3 5 7 8
"306" 8 1 3 3
"307" 7 1 6 3
"308" 5 5 2 7
"309" 5 5 2 7
"310" 4 4 5 6
"311" 5 5 7 7
"312" 8 1 3 3
"313" 2 3 4 2
"314" 9 6 6 4
"315" 7 6 5 2
"316" 3 5 7 8
"317" 8 1 3 3
"318" 6 3 4 5
"319" 7 1 4 3
"320" 8 1 3 3
"321" 7 6 6 4
"322" 7 3 6 4
"323" 3 5 7 8
"324" 9 4 6 9
"325" 3 5 7 8
"326" 1 6 5 2
"327" 5 5 7 7
"328" 6 2 1 5
"329" 9 6 6 4
"330" 5 5 2 7
"331" 7 6 6 4
"332" 7 6 6 4
"333" 3 5 7 8
"334" 4 1 3 9
"335" 1 4 5 6
"336" 6 2 1 5
"337" 3 5 7 8
"338" 4 4 5 6
"339" 7 3 4 2
"340" 5 5 2 7
"341" 3 5 7 8
"342" 7 3 4 2
"343" 2 3 4 2
"344" 2 3 4 5
"345" 9 4 6 3
"346" 6 2 1 5
"347" 7 3 4 2
"348" 5 5 2 7
"349" 7 6 6 2
"350" 7 6 6 4
"351" 6 2 1 5
"352" 2 3 4 2
"353" 1 6 6 4
"354" 8 1 3 3
"355" 4 4 3 9
"356" 6 2 1 5
"357" 6 2 1 5
"358" 7 3 4 2
"359" 6 1 3 5
"360" 7 6 6 4
"361" 1 6 5 6
"362" 5 5 7 7
"363" 8 1 3 3
"364" 7 6 6 4
"365" 8 1 3 3
"366" 4 1 3 3
"367" 5 5 2 7
"368" 8 1 3 3
"369" 1 4 5 6
"370" 3 5 7 8
"371" 5 5 2 7
"372" 9 4 6 3
"373" 3 5 7 8
"374" 7 3 5 2
"375" 3 5 7 8
"376" 6 2 1 5
"377" 7 6 6 4
"378" 1 4 5 6
"379" 2 3 4 2
"380" 7 6 6 4
"381" 8 1 3 3
"382" 6 2 1 5
"383" 4 4 2 9
"384" 1 6 5 2
"385" 7 6 6 4
"386" 5 5 7 7
"387" 8 1 6 3
"388" 2 3 4 2
"389" 9 6 6 4
"390" 3 5 2 7
"391" 6 2 1 5
"392" 5 5 3 7
"393" 7 6 6 4
"394" 9 6 6 4
"395" 7 6 6 4
"396" 7 6 6 4
"397" 3 5 7 8
"398" 2 3 4 2
"399" 3 5 7 7
"400" 8 1 3 3
"401" 2 3 4 2
"402" 1 4 5 6
"403" 3 5 7 8
"404" 3 5 7 8
"405" 4 1 3 3
"406" 7 1 6 4
"407" 8 1 3 3
"408" 8 1 3 3
"409" 1 6 6 4
"410" 5 5 2 7
"411" 2 3 4 2
"412" 2 3 4 2
"413" 7 3 4 2
"414" 6 2 1 3
"415" 9 1 6 3
"416" 8 1 3 3
"417" 7 6 6 4
"418" 3 5 7 8
"419" 2 3 4 2
"420" 5 5 2 8
"421" 2 3 4 2
"422" 6 2 1 5
"423" 1 4 5 6
"424" 6 2 1 5
"425" 6 2 1 5
"426" 1 4 5 6
"427" 1 4 5 6
"428" 7 6 6 4
"429" 8 1 3 3
"430" 1 6 5 2
"431" 2 3 4 2
"432" 1 4 5 6
"433" 6 2 1 5
"434" 8 1 3 3
"435" 8 1 3 3
"436" 8 1 3 3
"437" 2 3 4 2
"438" 8 1 3 3
"439" 1 4 5 6
"440" 4 1 1 9
"441" 4 1 3 3
"442" 7 6 6 4
"443" 7 6 6 4
"444" 6 2 4 3
"445" 6 1 3 5
"446" 3 5 7 8
"447" 9 6 6 9
"448" 3 5 7 8
"449" 2 3 4 2
"450" 4 4 4 6
"451" 5 5 2 7
"452" 5 2 1 7
"453" 8 1 3 3
"454" 5 5 2 7
"455" 8 1 3 3
"456" 9 6 6 9
"457" 7 3 4 2
"458" 1 6 5 2
"459" 1 4 5 6
"460" 5 5 2 7
"461" 1 3 5 2
"462" 8 1 3 3
"463" 6 2 4 5
"464" 7 6 6 4
"465" 6 2 3 3
"466" 7 1 4 2
"467" 5 5 7 7
"468" 9 6 6 9
"469" 9 6 6 9
"470" 6 2 1 5
"471" 5 5 2 7
"472" 3 5 7 8
"473" 2 3 4 2
"474" 3 5 7 8
"475" 6 2 1 5
"476" 6 2 4 2
"477" 9 6 6 4
"478" 2 3 4 2
"479" 6 2 1 5
"480" 1 4 5 9
"481" 7 6 6 3
"482" 1 4 5 6
"483" 9 6 6 4
"484" 9 6 6 9
"485" 6 2 1 5
"486" 9 6 6 3
"487" 6 2 1 5
"488" 1 6 5 4
"489" 8 1 3 3
"490" 8 1 3 3
"491" 2 3 4 2
"492" 2 3 4 2
"493" 2 3 4 2
"494" 7 6 6 2
"495" 7 6 6 4
"496" 3 5 7 8
"497" 1 4 6 6
"498" 6 2 1 5
"499" 5 5 2 7
"500" 8 1 3 3
"501" 8 1 4 3
"502" 3 5 7 8
"503" 3 5 7 8
"504" 2 3 4 4
"505" 6 2 1 5
"506" 8 1 3 3
"507" 6 2 1 5
"508" 8 1 3 3
"509" 4 4 3 9
"510" 8 1 3 3
"511" 3 5 7 8
"512" 6 3 4 5
"513" 4 4 3 3
"514" 8 1 3 3
"515" 2 3 4 2
"516" 5 5 2 9
"517" 6 2 1 5
"518" 5 4 2 9
"519" 3 5 7 8
"520" 5 5 2 7
"521" 2 3 4 2
"522" 3 5 7 8
"523" 7 6 6 4
"524" 5 5 2 7
"525" 5 5 2 7
"526" 1 6 5 4
"527" 5 5 2 7
"528" 2 3 4 2
"529" 6 2 4 2
"530" 3 5 7 8
"531" 9 6 6 4
"532" 4 5 3 7
"533" 2 3 4 2
"534" 7 6 6 4
"535" 8 1 3 3
"536" 5 5 2 7
"537" 1 6 5 2
"538" 8 1 3 3
"539" 4 4 6 6
"540" 1 4 5 6
"541" 1 4 5 6
"542" 8 1 3 3
"543" 1 6 6 4
"544" 3 5 7 8
"545" 8 1 3 3
"546" 7 3 4 2
"547" 2 3 4 2
"548" 7 6 6 4
"549" 8 1 3 3
"550" 2 3 4 3
"551" 2 3 4 2
"552" 7 6 6 4
"553" 5 2 1 7
"554" 2 3 4 2
"555" 3 5 7 8
"556" 1 4 5 6
"557" 1 6 5 6
"558" 3 5 7 8
"559" 6 2 1 7
"560" 8 1 3 3
"561" 8 1 3 3
"562" 1 6 5 6
"563" 5 5 2 7
"564" 7 3 4 2
"565" 7 1 6 4
"566" 8 1 3 3
"567" 7 1 4 2
"568" 5 5 2 7
"569" 1 3 5 6
"570" 9 6 6 9
"571" 2 3 4 2
"572" 5 5 2 7
"573" 7 3 4 4
"574" 6 2 1 5
"575" 1 4 5 6
"576" 7 3 4 2
"577" 4 2 1 5
"578" 8 1 3 3
"579" 3 5 7 8
"580" 6 2 1 5
"581" 5 5 7 7
"582" 1 3 5 2
"583" 7 3 4 2
"584" 1 4 5 6
"585" 7 6 6 4
"586" 5 5 2 7
"587" 7 6 6 2
"588" 7 3 4 2
"589" 4 2 3 3
"590" 7 3 5 2
"591" 6 2 1 5
"592" 3 5 7 8
"593" 7 1 6 4
"594" 3 5 7 8
"595" 2 3 4 2
"596" 1 1 3 3
"597" 3 5 7 8
"598" 2 3 4 2
"599" 6 2 1 5
"600" 1 6 5 2
"601" 7 3 4 2
"602" 3 5 7 7
"603" 6 2 1 5
"604" 7 6 6 4
"605" 4 1 3 3
"606" 1 4 5 6
"607" 7 3 4 2
"608" 8 4 3 3
"609" 6 1 3 3
"610" 9 6 6 4
"611" 3 5 7 8
"612" 2 3 4 2
"613" 4 4 3 3
"614" 7 6 6 2
"615" 2 3 4 2
"616" 3 5 7 8
"617" 7 6 6 2
"618" 8 1 3 3
"619" 2 3 4 2
"620" 7 6 6 2
"621" 8 1 3 3
"622" 5 5 2 7
"623" 1 6 5 9
"624" 7 6 6 4
"625" 7 3 5 2
"626" 6 2 1 5
"627" 5 5 7 7
"628" 1 4 5 6
"629" 3 5 7 8
"630" 5 5 2 7
"631" 3 5 7 8
"632" 4 2 1 9
"633" 8 1 3 3
"634" 7 6 6 4
"635" 1 4 5 6
"636" 1 6 5 2
"637" 7 6 6 4
"638" 7 3 4 2
"639" 2 3 4 2
"640" 6 2 1 5
"641" 5 1 3 3
"642" 9 6 6 4
"643" 8 1 3 3
"644" 8 1 3 3
"645" 5 5 2 7
"646" 7 6 6 2
"647" 3 5 7 8
"648" 1 6 5 6
"649" 2 3 4 2
"650" 8 1 3 3
"651" 7 6 6 4
"652" 5 5 2 7
"653" 3 5 7 7
"654" 2 3 4 2
"655" 7 3 4 2
"656" 7 6 6 4
"657" 8 1 3 3
"658" 5 5 2 7
"659" 2 3 4 2
"660" 7 1 6 3
"661" 5 5 7 8
"662" 8 1 3 3
"663" 8 1 3 3
"664" 2 3 4 2
"665" 8 1 3 3
"666" 6 1 3 3
"667" 4 4 3 9
"668" 7 3 4 2
"669" 1 4 6 9
"670" 1 3 5 2
"671" 4 2 1 9
"672" 2 3 4 2
"673" 3 5 7 8
"674" 1 1 4 4
"675" 7 3 4 2
"676" 1 6 5 6
"677" 6 2 1 5
"678" 4 1 3 3
"679" 4 4 5 6
"680" 1 4 5 6
"681" 8 1 3 3
"682" 3 5 7 8
"683" 1 6 5 2
"684" 7 3 4 2
"685" 8 1 3 3
"686" 7 3 4 2
"687" 5 5 2 7
"688" 1 4 5 6
"689" 4 4 3 9
"690" 7 6 6 4
"691" 6 2 1 5
"692" 7 6 6 4
"693" 6 2 1 5
"694" 2 3 4 2
"695" 2 3 4 2
"696" 8 1 3 3
"697" 7 3 4 2
"698" 7 6 6 3
"699" 5 5 2 7
"700" 1 4 5 6
"701" 4 4 3 3
"702" 1 3 5 2
"703" 8 1 3 3
"704" 8 1 3 3
"705" 8 1 3 3
"706" 6 2 1 5
"707" 1 4 5 6
"708" 7 6 5 2
"709" 1 4 5 6
"710" 8 1 3 3
"711" 1 4 5 6
"712" 2 3 4 2
"713" 3 5 7 8
"714" 2 3 4 2
"715" 6 1 3 3
"716" 8 1 3 3
"717" 8 1 3 3
"718" 8 1 3 3
"719" 7 6 6 4
"720" 2 3 4 2
"721" 8 1 3 3
"722" 2 3 4 2
"723" 6 2 1 5
"724" 6 2 1 5
"725" 2 3 4 2
"726" 1 4 5 6
"727" 9 1 6 4
"728" 1 6 6 6
"729" 9 6 6 3
"730" 4 2 1 9
"731" 2 3 4 2
"732" 2 3 4 2
"733" 2 3 4 2
"734" 7 6 5 2
"735" 4 2 1 9
"736" 9 1 6 3
"737" 8 1 3 3
"738" 8 1 3 3
"739" 8 1 6 3
"740" 7 6 6 4
"741" 3 5 7 8
"742" 7 1 6 3
"743" 7 6 6 4
"744" 7 6 6 4
"745" 8 1 3 3
"746" 2 3 4 2
"747" 6 2 1 5
"748" 7 1 4 4
"749" 5 5 2 7
"750" 8 1 3 3
"751" 7 3 5 2
"752" 1 3 5 6
"753" 6 2 1 5
"754" 9 6 6 4
"755" 5 5 2 7
"756" 6 2 1 5
"757" 3 5 7 8
"758" 2 3 4 2
"759" 5 5 2 7
"760" 2 3 4 2
"761" 5 5 2 7
"762" 8 1 3 3
"763" 5 5 2 7
"764" 7 6 6 4
"765" 2 3 4 2
"766" 4 4 2 8
"767" 7 6 6 4
"768" 4 2 1 9
"769" 9 6 6 4
"770" 6 2 1 5
"771" 6 2 1 5
"772" 5 1 3 7
"773" 7 6 6 4
"774" 5 5 2 7
"775" 5 2 1 7
"776" 3 5 7 8
"777" 5 5 2 7
"778" 6 2 1 5
"779" 5 5 2 7
"780" 1 4 5 6
"781" 4 4 3 9
"782" 2 3 4 2
"783" 1 4 5 6
"784" 6 2 4 5
"785" 7 6 6 4
"786" 9 6 6 4
"787" 8 1 3 3
"788" 2 3 4 2
"789" 1 4 5 6
"790" 3 5 7 8
"791" 7 6 6 4
"792" 7 6 6 4
"793" 8 1 3 3
"794" 8 1 3 3
"795" 7 6 6 4
"796" 2 3 4 2
"797" 9 6 6 4
"798" 3 5 7 7
"799" 1 6 6 4
"800" 7 3 4 2
"801" 4 1 3 3
"802" 8 1 3 3
"803" 2 3 4 2
"804" 2 3 4 2
"805" 3 5 7 8
"806" 7 6 6 4
"807" 6 2 1 5
"808" 7 3 6 2
"809" 6 3 4 6
"810" 2 3 4 2
"811" 3 5 7 8
"812" 3 5 7 8
"813" 8 1 3 3
"814" 6 2 1 5
"815" 7 3 4 2
"816" 5 5 2 7
"817" 3 5 7 8
"818" 6 2 1 5
"819" 2 3 4 5
"820" 1 4 5 6
"821" 7 6 6 4
"822" 8 1 3 3
"823" 6 2 4 5
"824" 2 3 4 2
"825" 9 6 6 9
"826" 6 2 1 5
"827" 9 6 6 4
"828" 1 3 5 6
"829" 8 1 3 3
"830" 9 6 6 4
"831" 5 5 2 7
"832" 4 4 6 9
"833" 6 2 1 5
"834" 2 3 4 2
"835" 6 2 4 5
"836" 3 5 7 8
"837" 7 6 6 4
"838" 7 6 6 4
"839" 3 5 7 8
"840" 8 1 3 3
"841" 3 5 7 8
"842" 3 5 7 8
"843" 8 1 3 3
"844" 1 4 5 6
"845" 7 6 6 4
"846" 8 1 3 4
"847" 8 1 3 3
"848" 6 1 3 3
"849" 2 3 4 2
"850" 8 1 3 3
"851" 4 4 5 6
"852" 1 6 5 2
"853" 9 6 6 4
"854" 8 1 3 3
"855" 5 5 7 7
"856" 4 4 1 9
"857" 2 3 4 2
"858" 2 3 4 2
"859" 2 3 4 2
"860" 7 6 6 2
"861" 9 6 6 4
"862" 9 6 6 9
"863" 6 2 1 5
"864" 1 3 5 6
"865" 7 3 4 2
"866" 7 3 6 2
"867" 2 3 4 2
"868" 6 2 3 3
"869" 2 3 4 2
"870" 9 6 6 4
"871" 5 4 2 3
"872" 7 6 6 2
"873" 3 5 7 8
"874" 2 3 4 2
"875" 3 5 7 8
"876" 8 1 6 3
"877" 7 6 6 4
"878" 8 1 3 3
"879" 2 3 4 2
"880" 1 6 6 6
"881" 6 2 1 5
"882" 4 4 3 3
"883" 8 1 3 3
"884" 6 2 1 5
"885" 7 6 6 4
"886" 6 2 4 2
"887" 1 4 5 6
"888" 6 2 1 5
"889" 7 6 6 4
"890" 9 6 6 4
"891" 7 6 5 2
"892" 7 6 6 2
"893" 7 6 6 4
"894" 6 2 1 5
"895" 7 3 4 2
"896" 4 4 5 6
"897" 5 5 2 8
"898" 7 1 4 4
"899" 3 5 7 8
"900" 8 1 3 3
"901" 8 1 6 3
"902" 6 2 1 5
"903" 9 6 6 4
"904" 7 3 5 2
"905" 7 1 6 4
"906" 7 3 4 2
"907" 7 3 4 2
"908" 6 2 1 5
"909" 7 6 6 2
"910" 2 3 4 2
"911" 3 5 7 8
"912" 1 4 5 6
"913" 3 5 7 8
"914" 2 3 4 2
"915" 2 3 4 2
"916" 8 1 3 3
"917" 5 5 2 7
"918" 6 2 1 5
"919" 7 6 6 4
"920" 7 3 4 2
"921" 7 3 4 2
"922" 9 6 6 4
"923" 3 5 7 8
"924" 1 4 5 6
"925" 6 2 1 3
"926" 1 4 5 6
"927" 5 5 2 7
"928" 2 3 4 2
"929" 1 6 6 9
"930" 1 4 5 6
"931" 4 4 5 9
"932" 1 4 6 9
"933" 7 6 6 4
"934" 2 3 4 6
"935" 4 4 2 9
"936" 1 3 5 2
"937" 9 6 6 4
"938" 2 3 4 2
"939" 7 6 6 4
"940" 1 3 5 6
"941" 5 5 3 3
"942" 1 4 5 6
"943" 8 1 3 3
"944" 8 1 3 3
"945" 6 2 1 5
"946" 2 3 4 2
"947" 8 1 3 3
"948" 4 1 3 3
"949" 7 6 6 4
"950" 7 6 6 4
"951" 4 4 2 9
"952" 1 4 5 6
"953" 7 1 4 3
"954" 2 3 4 2
"955" 8 1 3 3
"956" 5 5 7 7
"957" 1 4 5 9
"958" 7 3 4 2
"959" 1 4 5 6
"960" 8 1 3 3
"961" 7 6 6 4
"962" 2 3 4 2
"963" 1 6 5 6
"964" 6 2 3 3
"965" 6 2 1 5
"966" 1 4 5 6
"967" 3 5 7 8
"968" 5 5 2 7
"969" 9 6 6 4
"970" 9 6 6 4
"971" 6 2 1 5
"972" 2 3 4 2
"973" 7 6 6 2
"974" 3 5 7 8
"975" 6 2 1 5
"976" 2 3 4 2
"977" 7 1 6 4
"978" 8 1 3 3
"979" 9 6 6 4
"980" 9 6 6 4
"981" 1 4 5 6
"982" 8 1 3 3
"983" 3 5 7 7
"984" 8 1 3 3
"985" 6 2 1 5
"986" 1 4 5 9
"987" 2 3 4 2
"988" 7 6 6 4
"989" 3 5 7 8
"990" 7 3 5 2
"991" 9 1 6 3
"992" 7 3 5 2
"993" 2 3 4 2
"994" 5 5 7 7
"995" 8 1 3 3
"996" 5 5 2 7
"997" 1 4 5 6
"998" 1 3 4 2
"999" 6 2 4 5
"1000" 7 3 5 2
"1001" 7 6 6 4
"1002" 7 6 6 4
"1003" 3 5 7 8
"1004" 7 6 6 4
"1005" 5 5 2 7
"1006" 5 5 2 7
"1007" 1 6 5 2
"1008" 2 3 4 2
"1009" 2 3 4 2
"1010" 2 3 4 2
"1011" 7 6 6 4
"1012" 6 2 1 5
"1013" 1 4 5 6
"1014" 1 4 5 6
"1015" 2 3 4 2
"1016" 6 2 1 5
"1017" 7 6 6 4
"1018" 7 6 6 4
"1019" 6 1 3 3
"1020" 5 5 2 7
"1021" 7 6 6 4
"1022" 2 3 4 3
"1023" 8 1 3 3
"1024" 6 2 1 5
"1025" 7 6 6 4
"1026" 7 6 6 2
"1027" 4 2 1 9
"1028" 7 3 4 2
"1029" 3 5 7 8
"1030" 7 3 4 2
"1031" 8 1 3 3
"1032" 8 1 3 3
"1033" 5 5 7 8
"1034" 7 6 6 4
"1035" 4 5 2 9
"1036" 2 3 4 2
"1037" 6 2 1 5
"1038" 7 3 5 2
"1039" 1 4 5 6
"1040" 8 1 3 3
"1041" 7 6 6 4
"1042" 5 5 2 7
"1043" 7 3 4 2
"1044" 5 5 2 7
"1045" 4 4 3 9
"1046" 2 3 4 2
"1047" 5 5 7 7
"1048" 7 3 4 2
"1049" 7 6 6 4
"1050" 6 2 1 5
"1051" 3 5 7 8
"1052" 7 6 6 4
"1053" 3 5 7 8
"1054" 2 3 4 2
"1055" 7 6 6 4
"1056" 8 1 3 3
"1057" 1 4 5 6
"1058" 7 3 4 2
"1059" 2 3 4 2
"1060" 7 3 4 2
"1061" 5 5 2 7
"1062" 6 2 1 3
"1063" 2 3 4 2
"1064" 1 6 5 6
"1065" 5 5 2 7
"1066" 6 2 1 5
"1067" 2 3 4 2
"1068" 4 4 1 9
"1069" 1 4 5 6
"1070" 8 1 3 3
"1071" 3 5 7 8
"1072" 6 2 1 5
"1073" 3 5 7 8
"1074" 8 1 3 3
"1075" 1 3 5 6
"1076" 9 6 6 4
"1077" 4 5 3 3
"1078" 2 3 4 2
"1079" 1 4 5 6
"1080" 2 3 4 2
"1081" 1 4 5 6
"1082" 4 4 3 3
"1083" 2 3 4 2
"1084" 1 4 5 6
"1085" 1 6 5 6
"1086" 8 1 3 3
"1087" 3 5 7 8
"1088" 6 2 1 5
"1089" 6 2 1 5
"1090" 5 5 2 7
"1091" 7 1 4 3
"1092" 8 1 3 3
"1093" 4 1 3 3
"1094" 1 4 5 6
"1095" 1 6 5 6
"1096" 6 2 1 5
"1097" 3 5 7 8
"1098" 4 4 1 5
"1099" 1 4 5 9
"1100" 6 2 1 5
"1101" 9 6 6 4
"1102" 5 4 2 9
"1103" 6 2 1 5
"1104" 5 5 7 7
"1105" 2 3 4 2
"1106" 2 3 4 2
"1107" 8 1 6 3
"1108" 5 2 1 7
"1109" 7 6 6 4
"1110" 5 5 2 7
"1111" 5 5 2 7
"1112" 7 3 4 2
"1113" 4 4 6 9
"1114" 7 3 4 2
"1115" 8 1 3 3
"1116" 3 5 7 8
"1117" 1 4 5 6
"1118" 8 1 3 3
"1119" 4 4 5 9
"1120" 1 6 5 6
"1121" 4 4 1 9
"1122" 7 6 6 2
"1123" 4 2 3 3
"1124" 7 1 6 4
"1125" 1 6 5 2
"1126" 7 6 6 4
"1127" 7 6 6 4
"1128" 8 1 3 3
"1129" 2 3 4 2
"1130" 7 6 6 4
"1131" 3 5 7 8
"1132" 7 6 6 2
"1133" 7 6 6 4
"1134" 6 2 1 5
"1135" 2 3 4 2
"1136" 2 3 4 2
"1137" 7 3 4 2
"1138" 7 6 6 4
"1139" 2 3 4 2
"1140" 8 1 3 3
"1141" 2 3 4 2
"1142" 8 1 3 3
"1143" 3 5 7 8
"1144" 2 3 4 5
"1145" 8 1 3 3
"1146" 8 1 3 3
"1147" 2 3 4 2
"1148" 1 4 5 6
"1149" 3 5 7 8
"1150" 6 2 4 2
"1151" 7 6 5 2
"1152" 1 4 5 6
"1153" 4 4 5 6
"1154" 9 6 6 4
"1155" 8 1 3 3
"1156" 1 4 5 6
"1157" 2 3 4 2
"1158" 7 6 6 2
"1159" 1 6 5 2
"1160" 5 5 2 7
"1161" 2 3 4 2
"1162" 1 4 5 9
"1163" 1 4 5 6
"1164" 9 6 6 4
"1165" 3 5 2 8
"1166" 6 2 1 5
"1167" 9 6 6 4
"1168" 5 5 2 7
"1169" 2 3 4 2
"1170" 6 2 1 5
"1171" 7 3 5 6
"1172" 6 2 1 5
"1173" 2 3 4 2
"1174" 6 2 1 5
"1175" 2 3 4 2
"1176" 2 3 4 2
"1177" 2 3 4 2
"1178" 6 2 1 9
"1179" 8 1 3 3
"1180" 9 6 6 9
"1181" 5 5 2 7
"1182" 2 2 3 2
"1183" 7 6 6 4
"1184" 2 3 4 2
"1185" 5 5 2 7
"1186" 7 6 6 3
"1187" 1 4 5 9
"1188" 6 2 1 5
"1189" 7 6 6 4
"1190" 5 5 2 7
"1191" 1 3 5 6
"1192" 2 3 4 2
"1193" 6 2 1 5
"1194" 4 4 5 6
"1195" 8 1 3 3
"1196" 6 2 1 5
"1197" 4 4 3 9
"1198" 6 2 1 5
"1199" 2 3 4 2
"1200" 2 3 4 2
"1201" 8 1 3 3
"1202" 2 3 4 2
"1203" 7 3 4 2
"1204" 2 3 4 2
"1205" 1 4 5 6
"1206" 7 6 6 4
"1207" 1 4 5 6
"1208" 1 6 5 6
"1209" 4 4 3 3
"1210" 7 1 6 3
"1211" 1 4 5 6
"1212" 7 1 6 4
"1213" 6 2 1 5
"1214" 2 3 4 2
"1215" 4 4 2 9
"1216" 6 2 1 5
"1217" 3 5 7 8
"1218" 6 2 1 5
"1219" 6 2 1 5
"1220" 8 1 3 3
"1221" 2 3 4 2
"1222" 4 2 1 9
"1223" 7 3 5 2
"1224" 7 6 6 4
"1225" 1 4 5 6
"1226" 3 5 7 8
"1227" 6 2 1 5
"1228" 7 6 6 4
"1229" 7 6 6 4
"1230" 5 5 2 7
"1231" 2 3 4 2
"1232" 4 1 3 9
"1233" 2 3 4 2
"1234" 9 6 6 4
"1235" 8 1 3 3
"1236" 7 3 4 2
"1237" 2 3 4 2
"1238" 1 3 5 6
"1239" 9 6 6 9
"1240" 1 4 5 6
"1241" 4 4 3 9
"1242" 1 3 5 6
"1243" 5 5 7 7
"1244" 6 2 1 5
"1245" 5 5 7 8
"1246" 2 3 4 2
"1247" 7 6 6 4
"1248" 3 5 7 8
"1249" 7 6 5 4
"1250" 9 6 6 4
"1251" 3 5 7 8
"1252" 1 4 5 6
"1253" 6 2 1 5
"1254" 6 1 3 3
"1255" 1 4 5 6
"1256" 6 2 1 5
"1257" 6 2 1 5
"1258" 7 6 6 4
"1259" 1 4 5 6
"1260" 7 6 6 4
"1261" 5 5 2 7
"1262" 1 6 5 2
"1263" 4 1 3 9
"1264" 8 1 3 3
"1265" 3 5 7 8
"1266" 1 3 5 6
"1267" 1 4 5 9
"1268" 6 2 1 5
"1269" 9 6 6 4
"1270" 3 5 7 8
"1271" 7 6 6 4
"1272" 7 6 6 2
"1273" 9 6 6 4
"1274" 9 6 6 9
"1275" 7 6 6 4
"1276" 7 1 6 4
"1277" 6 2 1 5
"1278" 9 4 6 3
"1279" 2 2 4 2
"1280" 6 2 1 5
"1281" 8 1 3 3
"1282" 1 6 5 2
"1283" 3 5 7 8
"1284" 7 3 5 2
"1285" 7 3 4 2
"1286" 5 5 2 7
"1287" 6 2 1 5
"1288" 6 2 4 2
"1289" 4 4 3 3
"1290" 5 5 2 9
"1291" 9 6 6 4
"1292" 7 6 6 4
"1293" 5 5 2 7
"1294" 1 4 5 6
"1295" 7 6 6 2
"1296" 6 2 1 6
"1297" 4 4 3 9
"1298" 7 6 6 4
"1299" 7 3 4 2
"1300" 4 1 3 3
"1301" 7 3 4 4
"1302" 2 3 4 2
"1303" 3 5 7 8
"1304" 2 3 4 2
"1305" 6 2 1 5
"1306" 9 6 6 4
"1307" 5 5 7 7
"1308" 2 3 4 2
"1309" 1 4 5 6
"1310" 7 1 6 3
"1311" 7 6 6 4
"1312" 3 5 7 8
"1313" 9 6 6 9
"1314" 3 5 7 8
"1315" 7 6 5 2
"1316" 7 6 6 2
"1317" 5 5 2 7
"1318" 2 3 4 2
"1319" 6 2 1 5
"1320" 1 4 5 6
"1321" 2 3 4 2
"1322" 8 1 3 3
"1323" 9 6 6 4
"1324" 8 1 3 3
"1325" 2 3 4 2
"1326" 9 6 6 9
"1327" 5 5 7 7
"1328" 1 6 6 2
"1329" 1 3 5 2
"1330" 6 2 1 5
"1331" 2 3 4 2
"1332" 5 5 2 7
"1333" 7 3 4 2
"1334" 8 1 3 3
"1335" 5 5 2 7
"1336" 3 5 7 8
"1337" 5 5 2 7
"1338" 2 3 4 2
"1339" 7 6 6 4
"1340" 3 5 7 8
"1341" 2 3 4 2
"1342" 8 1 3 3
"1343" 7 1 3 3
"1344" 1 3 5 6
"1345" 7 3 4 2
"1346" 2 3 4 2
"1347" 1 4 5 6
"1348" 7 3 5 2
"1349" 6 2 1 5
"1350" 3 5 7 8
"1351" 9 1 6 3
"1352" 2 3 4 2
"1353" 7 6 6 4
"1354" 2 3 4 2
"1355" 2 3 4 2
"1356" 4 4 3 3
"1357" 2 3 4 2
"1358" 6 1 3 5
"1359" 3 5 7 8
"1360" 2 3 4 2
"1361" 3 5 7 7
"1362" 3 5 7 8
"1363" 6 2 1 5
"1364" 2 3 4 2
"1365" 4 4 3 3
"1366" 2 3 4 2
"1367" 2 3 4 2
"1368" 4 4 3 3
"1369" 7 6 6 4
"1370" 1 4 5 6
"1371" 6 1 3 5
"1372" 6 2 4 5
"1373" 9 6 6 4
"1374" 6 2 1 5
"1375" 8 1 3 3
"1376" 6 2 1 5
"1377" 6 2 1 5
"1378" 6 2 1 5
"1379" 6 2 1 5
"1380" 3 5 7 8
"1381" 4 4 6 3
"1382" 8 1 3 3
"1383" 5 5 2 7
"1384" 3 5 7 8
"1385" 8 1 3 3
"1386" 4 1 3 9
"1387" 2 3 4 2
"1388" 7 6 6 4
"1389" 5 5 2 7
"1390" 2 3 4 2
"1391" 3 5 7 8
"1392" 7 3 4 2
"1393" 6 2 1 5
"1394" 8 1 3 3
"1395" 5 5 2 7
"1396" 2 3 4 2
"1397" 4 1 3 3
"1398" 1 4 5 6
"1399" 3 5 7 8
"1400" 7 6 6 4
"1401" 3 5 7 8
"1402" 6 2 1 5
"1403" 3 5 7 8
"1404" 3 5 2 9
"1405" 6 1 3 9
"1406" 9 6 6 9
"1407" 7 1 4 3
"1408" 7 1 4 2
"1409" 6 2 1 5
"1410" 7 6 5 2
"1411" 5 1 3 7
"1412" 5 5 2 9
"1413" 2 3 4 2
"1414" 7 6 6 4
"1415" 4 4 3 3
"1416" 2 3 4 2
"1417" 8 1 3 3
"1418" 7 6 6 4
"1419" 1 4 5 6
"1420" 9 6 6 4
"1421" 1 3 5 2
"1422" 7 6 5 2
"1423" 2 3 4 2
"1424" 1 4 5 6
"1425" 2 3 4 2
"1426" 2 3 4 2
"1427" 4 1 3 3
"1428" 5 5 2 7
"1429" 3 5 7 7
"1430" 1 4 5 6
"1431" 2 3 4 2
"1432" 2 1 4 3
"1433" 9 6 6 4
"1434" 6 2 1 9
"1435" 3 5 7 8
"1436" 8 1 3 3
"1437" 6 2 1 5
"1438" 3 5 7 8
"1439" 4 4 1 3
"1440" 2 3 4 2
"1441" 3 5 7 8
"1442" 4 1 3 3
"1443" 8 1 3 3
"1444" 6 2 1 5
"1445" 6 3 4 2
"1446" 6 2 1 5
"1447" 6 2 1 5
"1448" 2 3 4 2
"1449" 3 5 7 8
"1450" 7 1 6 4
"1451" 7 6 5 2
"1452" 9 6 6 4
"1453" 7 6 6 4
"1454" 7 3 4 2
"1455" 8 1 3 4
"1456" 4 4 3 3
"1457" 6 2 4 5
"1458" 6 1 3 3
"1459" 4 4 3 9
"1460" 1 4 5 6
"1461" 2 3 4 2
"1462" 5 5 2 7
"1463" 8 1 3 3
"1464" 2 3 4 2
"1465" 3 5 7 8
"1466" 1 3 5 6
"1467" 2 3 4 2
"1468" 7 6 6 4
"1469" 8 1 3 3
"1470" 6 2 1 5
"1471" 7 6 6 4
"1472" 8 1 6 3
"1473" 8 1 3 3
"1474" 7 6 6 4
"1475" 3 5 7 8
"1476" 3 5 7 8
"1477" 1 4 5 6
"1478" 5 5 2 7
"1479" 2 3 4 2
"1480" 1 4 5 9
"1481" 7 1 4 3
"1482" 8 3 4 3
"1483" 7 6 6 4
"1484" 1 4 5 6
"1485" 1 4 5 6
"1486" 6 2 1 5
"1487" 1 4 5 6
"1488" 6 2 1 9
"1489" 7 1 6 3
"1490" 1 6 5 2
"1491" 1 3 5 2
"1492" 4 2 1 5
"1493" 2 3 4 2
"1494" 6 2 1 5
"1495" 1 4 5 6
"1496" 7 3 4 4
"1497" 6 2 1 5
"1498" 3 5 7 8
"1499" 5 5 2 7
"1500" 6 2 1 5
"1501" 1 3 5 6
"1502" 7 3 5 6
"1503" 2 3 4 2
"1504" 5 5 2 7
"1505" 7 6 6 4
"1506" 5 5 2 7
"1507" 4 4 3 3
"1508" 4 4 3 3
"1509" 7 3 6 2
"1510" 6 2 1 5
"1511" 1 6 5 6
"1512" 8 1 3 3
"1513" 3 5 7 8
"1514" 8 1 3 3
"1515" 7 6 6 4
"1516" 7 6 6 2
"1517" 1 4 5 6
"1518" 2 3 4 2
"1519" 6 2 1 5
"1520" 5 5 2 7
"1521" 7 6 6 2
"1522" 7 6 6 4
"1523" 8 1 3 3
"1524" 9 6 6 4
"1525" 7 6 6 2
"1526" 1 6 5 2
"1527" 7 6 5 2
"1528" 3 5 7 8
"1529" 3 5 7 8
"1530" 9 6 6 4
"1531" 4 4 3 3
"1532" 8 1 3 3
"1533" 1 6 6 4
"1534" 2 3 4 2
"1535" 6 2 1 5
"1536" 4 4 5 6
"1537" 4 4 1 9
"1538" 8 1 3 3
"1539" 2 3 4 2
"1540" 9 6 6 4
"1541" 2 3 4 2
"1542" 2 3 4 6
"1543" 9 6 6 4
"1544" 2 4 4 2
"1545" 5 5 2 7
"1546" 2 3 4 2
"1547" 6 2 1 5
"1548" 4 2 1 9
"1549" 5 5 7 7
"1550" 7 6 6 4
"1551" 1 3 5 2
"1552" 2 3 4 2
"1553" 2 3 4 2
"1554" 4 4 5 6
"1555" 6 2 1 5
"1556" 3 5 7 8
"1557" 9 6 6 9
"1558" 9 6 6 9
"1559" 1 4 5 6
"1560" 3 5 7 8
"1561" 5 5 2 7
"1562" 4 4 6 3
"1563" 1 4 5 6
"1564" 2 3 4 2
"1565" 8 1 3 3
"1566" 1 4 5 6
"1567" 1 6 5 6
"1568" 6 2 1 3
"1569" 7 1 3 4
"1570" 5 5 2 7
"1571" 4 6 6 9
"1572" 7 6 5 2
"1573" 1 4 5 6
"1574" 1 3 5 6
"1575" 7 1 3 3
"1576" 3 5 7 8
"1577" 7 1 4 2
"1578" 3 5 7 8
"1579" 8 1 3 3
"1580" 2 3 4 2
"1581" 4 2 1 9
"1582" 2 3 4 2
"1583" 5 5 2 7
"1584" 4 4 3 3
"1585" 6 2 1 5
"1586" 1 4 5 6
"1587" 2 3 3 2
"1588" 1 4 5 9
"1589" 3 5 7 8
"1590" 7 3 6 2
"1591" 3 5 7 7
"1592" 6 2 1 5
"1593" 3 5 7 8
"1594" 9 6 6 4
"1595" 8 1 3 3
"1596" 7 3 4 2
"1597" 5 5 2 7
"1598" 8 1 3 3
"1599" 5 5 3 7
"1600" 7 6 6 4
"1601" 8 1 3 3
"1602" 8 1 3 3
"1603" 9 6 6 4
"1604" 5 5 7 7
"1605" 7 6 6 2
"1606" 8 1 3 3
"1607" 6 2 1 5
"1608" 7 3 4 2
"1609" 2 3 4 2
"1610" 6 2 1 5
"1611" 5 5 7 7
"1612" 1 4 5 6
"1613" 6 2 1 5
"1614" 4 4 3 3
"1615" 3 5 7 8
"1616" 2 3 4 2
"1617" 6 2 1 5
"1618" 2 3 4 2
"1619" 7 6 6 3
"1620" 5 5 2 7
"1621" 8 1 3 2
"1622" 4 4 5 9
"1623" 6 2 1 5
"1624" 7 3 4 2
"1625" 1 3 5 6
"1626" 3 5 7 8
"1627" 1 4 5 6
"1628" 7 6 6 4
"1629" 3 5 7 8
"1630" 2 3 4 2
"1631" 9 4 6 4
"1632" 6 2 1 5
"1633" 3 5 7 8
"1634" 4 2 1 9
"1635" 7 3 4 2
"1636" 1 4 5 6
"1637" 3 5 7 7
"1638" 2 3 4 2
"1639" 3 5 7 8
"1640" 6 2 1 5
"1641" 2 3 4 2
"1642" 9 6 6 4
"1643" 1 4 5 6
"1644" 7 1 6 4
"1645" 8 1 3 2
"1646" 1 4 5 6
"1647" 6 2 1 5
"1648" 7 3 4 2
"1649" 8 1 3 3
"1650" 1 4 5 6
"1651" 3 5 7 8
"1652" 7 1 6 3
"1653" 8 1 3 3
"1654" 8 1 3 3
"1655" 2 3 4 2
"1656" 6 2 1 5
"1657" 6 2 1 5
"1658" 8 1 3 3
"1659" 2 3 4 2
"1660" 2 3 4 2
"1661" 3 5 7 8
"1662" 3 5 7 8
"1663" 8 1 3 3
"1664" 6 2 1 5
"1665" 8 1 3 3
"1666" 7 6 6 4
"1667" 6 2 1 5
"1668" 7 3 5 2
"1669" 4 1 3 9
"1670" 8 1 3 3
"1671" 9 6 6 4
"1672" 5 1 2 9
"1673" 2 3 4 2
"1674" 3 5 7 8
"1675" 8 1 3 3
"1676" 7 6 6 4
"1677" 8 1 3 3
"1678" 8 1 3 3
"1679" 6 2 1 5
"1680" 1 6 5 6
"1681" 2 3 4 2
"1682" 7 3 4 2
"1683" 5 5 2 7
"1684" 8 1 3 3
"1685" 2 3 4 2
"1686" 9 6 6 9
"1687" 5 5 2 7
"1688" 4 2 1 5
"1689" 2 3 4 2
"1690" 1 4 5 6
"1691" 1 4 5 6
"1692" 5 5 2 7
"1693" 9 6 6 9
"1694" 7 6 6 4
"1695" 9 6 5 9
"1696" 5 5 7 7
"1697" 1 4 5 9
"1698" 6 2 1 5
"1699" 2 3 4 2
"1700" 2 3 4 2
"1701" 3 5 7 8
"1702" 8 1 3 3
"1703" 1 4 5 9
"1704" 3 5 7 8
"1705" 2 3 4 2
"1706" 2 3 4 2
"1707" 3 5 7 7
"1708" 3 5 7 8
"1709" 3 5 7 8
"1710" 7 6 6 2
"1711" 9 6 6 2
"1712" 4 1 3 9
"1713" 5 5 2 9
"1714" 8 1 3 3
"1715" 8 1 3 3
"1716" 6 2 1 5
"1717" 1 6 5 6
"1718" 3 5 7 8
"1719" 7 3 5 2
"1720" 6 2 1 5
"1721" 1 4 5 6
"1722" 2 3 4 2
"1723" 7 3 6 4
"1724" 3 5 7 8
"1725" 4 4 3 3
"1726" 2 3 4 2
"1727" 5 5 2 3
"1728" 7 6 6 2
"1729" 7 3 4 2
"1730" 9 6 6 9
"1731" 1 6 5 6
"1732" 6 1 3 5
"1733" 1 4 5 6
"1734" 7 6 6 4
"1735" 8 1 3 3
"1736" 7 3 5 2
"1737" 8 1 3 3
"1738" 7 6 6 4
"1739" 2 3 4 2
"1740" 4 2 1 5
"1741" 9 3 6 4
"1742" 3 5 7 8
"1743" 7 1 6 3
"1744" 5 5 2 9
"1745" 6 2 1 5
"1746" 7 6 6 4
"1747" 7 3 4 2
"1748" 5 5 2 7
"1749" 8 1 3 3
"1750" 6 2 1 5
"1751" 8 1 3 3
"1752" 5 5 2 7
"1753" 5 5 2 7
"1754" 5 5 2 7
"1755" 2 3 4 2
"1756" 2 3 4 3
"1757" 1 3 5 6
"1758" 1 4 5 6
"1759" 7 1 4 2
"1760" 1 4 5 6
"1761" 5 5 2 7
"1762" 2 3 4 2
"1763" 1 4 5 6
"1764" 6 2 1 9
"1765" 1 6 5 6
"1766" 2 3 4 2
"1767" 5 5 7 8
"1768" 8 1 3 3
"1769" 2 3 4 2
"1770" 1 3 5 2
"1771" 7 6 5 2
"1772" 3 5 7 8
"1773" 1 4 5 6
"1774" 8 1 3 3
"1775" 5 2 1 5
"1776" 5 5 2 7
"1777" 3 5 2 7
"1778" 1 3 5 2
"1779" 2 3 4 2
"1780" 9 6 6 4
"1781" 8 1 3 3
"1782" 8 1 3 3
"1783" 4 4 3 9
"1784" 2 3 4 2
"1785" 2 3 4 6
"1786" 3 5 7 8
"1787" 7 3 5 2
"1788" 6 2 1 5
"1789" 7 3 5 2
"1790" 2 3 4 2
"1791" 3 5 7 8
"1792" 7 3 4 2
"1793" 8 1 3 3
"1794" 3 5 7 8
"1795" 4 1 3 9
"1796" 1 4 5 6
"1797" 8 1 3 3
"1798" 3 5 7 8
"1799" 1 3 4 2
"1800" 6 2 1 5
"1801" 5 5 2 7
"1802" 8 1 3 3
"1803" 9 6 6 4
"1804" 6 2 1 5
"1805" 4 4 3 9
"1806" 5 5 2 7
"1807" 3 5 7 8
"1808" 7 3 4 2
"1809" 7 3 5 2
"1810" 1 4 5 6
"1811" 7 1 4 3
"1812" 6 2 1 5
"1813" 4 4 1 9
"1814" 8 1 3 7
"1815" 2 3 4 2
"1816" 8 1 3 3
"1817" 1 4 5 6
"1818" 1 4 5 6
"1819" 2 3 4 2
"1820" 2 3 4 3
"1821" 1 3 5 2
"1822" 2 3 4 3
"1823" 8 1 3 3
"1824" 8 1 3 3
"1825" 8 1 4 3
"1826" 4 4 3 3
"1827" 8 1 3 3
"1828" 1 6 6 6
"1829" 8 1 6 3
"1830" 6 2 1 5
"1831" 6 2 1 5
"1832" 5 5 2 7
"1833" 3 5 7 8
"1834" 7 1 4 4
"1835" 7 3 4 2
"1836" 3 5 7 8
"1837" 7 6 6 2
"1838" 5 5 2 7
"1839" 5 5 2 7
"1840" 6 2 1 5
"1841" 2 3 4 2
"1842" 7 1 6 4
"1843" 5 5 2 7
"1844" 6 2 1 5
"1845" 6 2 1 5
"1846" 7 6 6 2
"1847" 1 6 5 6
"1848" 6 2 1 5
"1849" 9 6 6 9
"1850" 2 3 4 2
"1851" 6 2 1 5
"1852" 4 4 5 6
"1853" 2 3 4 2
"1854" 7 3 5 2
"1855" 4 2 1 9
"1856" 8 1 3 3
"1857" 2 3 4 2
"1858" 8 1 3 3
"1859" 1 4 5 6
"1860" 8 1 3 3
"1861" 4 1 3 3
"1862" 8 1 3 3
"1863" 2 3 4 2
"1864" 9 6 6 4
"1865" 2 3 4 2
"1866" 6 1 3 2
"1867" 8 1 3 3
"1868" 1 6 5 9
"1869" 3 5 7 8
"1870" 1 6 5 2
"1871" 1 6 5 6
"1872" 1 4 5 6
"1873" 8 1 3 3
"1874" 8 1 3 3
"1875" 6 2 1 5
"1876" 3 5 7 8
"1877" 6 2 1 5
"1878" 4 4 3 9
"1879" 1 4 5 6
"1880" 4 4 3 9
"1881" 2 3 4 4
"1882" 6 2 1 5
"1883" 2 3 4 2
"1884" 6 2 1 5
"1885" 8 1 3 3
"1886" 9 6 6 4
"1887" 3 5 7 8
"1888" 7 3 4 2
"1889" 6 2 1 5
"1890" 1 6 5 6
"1891" 1 6 5 6
"1892" 4 4 3 3
"1893" 1 3 5 4
"1894" 8 1 3 3
"1895" 7 3 4 2
"1896" 2 3 4 2
"1897" 2 3 4 2
"1898" 6 2 1 5
"1899" 5 5 2 7
"1900" 6 2 1 3
"1901" 7 6 6 4
"1902" 2 3 4 2
"1903" 2 3 4 2
"1904" 9 6 6 9
"1905" 2 2 4 2
"1906" 4 4 2 9
"1907" 1 3 5 6
"1908" 5 5 2 7
"1909" 7 6 6 4
"1910" 4 1 3 3
"1911" 8 1 3 3
"1912" 6 2 1 5
"1913" 8 1 3 3
"1914" 5 5 2 7
"1915" 7 6 6 4
"1916" 6 2 1 5
"1917" 1 6 5 9
"1918" 3 5 7 7
"1919" 7 3 5 2
"1920" 7 6 6 4
"1921" 6 2 1 5
"1922" 3 5 7 8
"1923" 9 6 6 4
"1924" 2 3 4 2
"1925" 4 2 1 7
"1926" 8 1 3 3
"1927" 8 1 3 3
"1928" 7 6 6 4
"1929" 3 5 7 8
"1930" 5 5 2 3
"1931" 1 4 5 6
"1932" 6 2 1 5
"1933" 1 4 5 6
"1934" 1 4 5 6
"1935" 5 5 2 7
"1936" 9 4 4 6
"1937" 4 4 5 6
"1938" 7 6 6 4
"1939" 2 3 4 2
"1940" 6 2 1 5
"1941" 5 5 2 7
"1942" 7 3 4 2
"1943" 8 1 3 3
"1944" 7 1 6 4
"1945" 7 6 6 2
"1946" 3 5 7 8
"1947" 2 3 4 2
"1948" 9 6 6 6
"1949" 8 1 3 3
"1950" 8 1 3 3
"1951" 7 1 3 3
"1952" 3 5 7 8
"1953" 7 6 6 4
"1954" 6 2 1 5
"1955" 5 5 2 7
"1956" 6 2 1 7
"1957" 6 2 1 9
"1958" 3 5 2 9
"1959" 6 2 1 5
"1960" 2 3 4 2
"1961" 8 1 3 3
"1962" 8 1 3 3
"1963" 8 1 3 3
"1964" 3 5 7 8
"1965" 1 6 5 2
"1966" 1 6 5 6
"1967" 8 1 3 3
"1968" 9 6 6 9
"1969" 7 3 4 2
"1970" 7 6 6 4
"1971" 8 1 3 3
"1972" 3 5 7 8
"1973" 5 5 2 7
"1974" 2 3 4 2
"1975" 1 6 5 2
"1976" 6 2 1 5
"1977" 1 4 5 2
"1978" 1 4 5 6
"1979" 9 6 6 4
"1980" 3 5 7 8
"1981" 7 6 6 4
"1982" 6 2 1 5
"1983" 3 5 7 7
"1984" 1 4 5 6
"1985" 2 3 4 2
"1986" 3 5 7 8
"1987" 7 3 4 2
"1988" 8 1 3 3
"1989" 1 3 5 6
"1990" 9 6 6 9
"1991" 9 6 6 9
"1992" 5 1 3 3
"1993" 1 6 5 6
"1994" 8 1 3 3
"1995" 3 5 7 8
"1996" 5 5 2 7
"1997" 8 1 3 3
"1998" 5 5 2 7
"1999" 4 4 3 3
"2000" 8 1 3 3
"2001" 8 1 3 3
"2002" 8 1 3 3
"2003" 5 5 2 7
"2004" 3 5 7 8
"2005" 1 6 5 6
"2006" 2 3 4 3
"2007" 1 4 5 6
"2008" 5 5 2 7
"2009" 5 4 3 3
"2010" 4 4 3 9
"2011" 3 5 2 8
"2012" 1 4 5 6
"2013" 7 3 5 2
"2014" 2 3 4 2
"2015" 2 3 4 2
"2016" 6 2 1 9
"2017" 7 1 6 4
"2018" 7 3 4 2
"2019" 3 5 7 8
"2020" 6 2 1 5
"2021" 6 2 4 3
"2022" 6 1 3 3
"2023" 2 3 4 2
"2024" 5 5 7 8
"2025" 7 6 6 2
"2026" 6 2 1 5
"2027" 6 2 1 5
"2028" 8 1 6 3
"2029" 3 5 7 7
"2030" 3 5 7 8
"2031" 6 1 3 3
"2032" 1 6 6 4
"2033" 2 3 4 2
"2034" 6 1 3 3
"2035" 9 6 6 9
"2036" 8 1 3 3
"2037" 8 1 3 3
"2038" 6 2 1 5
"2039" 3 5 7 8
"2040" 4 4 6 9
"2041" 8 1 3 3
"2042" 1 4 5 6
"2043" 1 3 5 6
"2044" 1 3 5 6
"2045" 3 5 7 8
"2046" 6 2 1 5
"2047" 7 3 4 2
"2048" 5 4 2 3
"2049" 8 1 3 2
"2050" 1 3 5 6
"2051" 7 3 4 2
"2052" 5 5 7 7
"2053" 1 4 5 6
"2054" 7 3 4 2
"2055" 7 6 6 2
"2056" 4 4 1 9
"2057" 1 3 5 6
"2058" 7 1 3 3
"2059" 1 4 5 6
"2060" 6 2 1 5
"2061" 2 3 4 2
"2062" 2 3 4 2
"2063" 6 3 1 6
"2064" 8 1 3 3
"2065" 7 6 6 4
"2066" 3 5 7 8
"2067" 8 1 3 3
"2068" 8 1 3 3
"2069" 8 1 3 3
"2070" 5 5 7 8
"2071" 9 6 6 4
"2072" 3 5 7 8
"2073" 6 2 1 5
"2074" 4 1 3 3
"2075" 9 6 6 4
"2076" 7 3 4 2
"2077" 6 2 1 9
"2078" 9 6 6 4
"2079" 5 2 2 7
"2080" 9 6 6 9
"2081" 6 2 4 5
"2082" 5 5 7 8
"2083" 3 5 7 8
"2084" 7 6 6 4
"2085" 3 5 7 8
"2086" 7 3 5 2
"2087" 7 1 3 3
"2088" 4 1 3 3
"2089" 3 5 2 8
"2090" 5 5 7 7
"2091" 7 6 6 4
"2092" 1 6 5 2
"2093" 1 4 5 6
"2094" 8 1 3 3
"2095" 4 4 5 5
"2096" 7 1 6 4
"2097" 8 1 3 3
"2098" 6 2 1 5
"2099" 6 2 1 5
"2100" 7 6 6 3
"2101" 5 5 7 7
"2102" 6 2 1 5
"2103" 7 3 4 2
"2104" 8 1 3 3
"2105" 6 1 3 3
"2106" 6 2 1 5
"2107" 7 6 5 4
"2108" 1 6 4 2
"2109" 2 3 4 2
"2110" 8 1 6 3
"2111" 7 6 6 2
"2112" 6 1 3 3
"2113" 6 2 1 5
"2114" 7 6 6 4
"2115" 7 3 4 2
"2116" 4 1 3 3
"2117" 7 3 4 2
"2118" 5 5 2 7
"2119" 8 1 6 3
"2120" 2 3 4 2
"2121" 9 6 6 4
"2122" 2 3 4 2
"2123" 5 5 2 7
"2124" 7 6 6 4
"2125" 3 5 7 8
"2126" 1 6 5 6
"2127" 2 3 4 2
"2128" 1 6 6 9
"2129" 5 5 2 7
"2130" 3 5 7 8
"2131" 8 1 3 3
"2132" 5 5 7 7
"2133" 5 5 2 7
"2134" 2 3 4 2
"2135" 2 3 4 3
"2136" 3 5 7 8
"2137" 8 1 3 3
"2138" 6 2 1 5
"2139" 3 5 7 8
"2140" 4 4 1 3
"2141" 6 1 3 3
"2142" 9 4 6 3
"2143" 6 2 1 5
"2144" 1 4 5 6
"2145" 4 2 1 9
"2146" 4 4 2 9
"2147" 1 4 5 6
"2148" 3 5 7 8
"2149" 9 6 6 4
"2150" 8 1 3 3
"2151" 2 3 4 2
"2152" 2 3 4 2
"2153" 6 2 1 5
"2154" 1 6 5 6
"2155" 7 1 6 4
"2156" 7 6 6 4
"2157" 8 1 3 3
"2158" 7 3 4 2
"2159" 1 6 5 2
"2160" 3 5 7 8
"2161" 7 6 6 4
"2162" 8 1 3 3
"2163" 8 1 3 3
"2164" 6 2 1 5
"2165" 7 1 6 4
"2166" 5 5 2 7
"2167" 5 5 2 7
"2168" 1 4 5 6
"2169" 7 6 6 4
"2170" 7 6 6 4
"2171" 6 2 1 5
"2172" 6 2 1 5
"2173" 7 3 4 2
"2174" 2 3 4 2
"2175" 3 5 7 8
"2176" 7 6 6 4
"2177" 2 3 4 2
"2178" 4 4 3 3
"2179" 9 6 6 4
"2180" 1 4 5 6
"2181" 8 1 3 3
"2182" 8 1 3 3
"2183" 9 6 6 4
"2184" 6 2 1 5
"2185" 5 5 2 7
"2186" 7 3 4 2
"2187" 2 3 4 2
"2188" 8 1 3 3
"2189" 5 5 7 7
"2190" 3 5 7 8
"2191" 8 1 3 3
"2192" 3 5 7 8
"2193" 6 2 1 5
"2194" 1 3 4 2
"2195" 5 5 2 7
"2196" 1 4 5 6
"2197" 7 6 5 2
"2198" 2 3 4 2
"2199" 5 5 2 7
"2200" 7 1 6 4
"2201" 1 4 5 6
"2202" 3 5 7 7
"2203" 2 3 4 2
"2204" 4 4 3 3
"2205" 6 2 1 5
"2206" 7 1 4 3
"2207" 1 4 5 6
"2208" 6 1 3 3
"2209" 7 6 6 4
"2210" 1 3 5 6
"2211" 8 1 3 3
"2212" 7 1 3 3
"2213" 2 3 4 2
"2214" 2 3 4 6
"2215" 7 6 6 4
"2216" 6 1 3 3
"2217" 8 1 3 3
"2218" 8 1 3 3
"2219" 7 6 6 4
"2220" 7 1 6 3
"2221" 7 6 6 4
"2222" 3 5 7 8
"2223" 5 5 2 7
"2224" 8 1 3 3
"2225" 4 4 1 3
"2226" 1 3 5 2
"2227" 8 1 3 3
"2228" 8 1 3 3
"2229" 1 3 5 6
"2230" 1 6 6 4
"2231" 5 5 7 7
"2232" 8 1 3 3
"2233" 7 3 6 2
"2234" 5 4 2 9
"2235" 7 6 6 4
"2236" 9 6 6 4
"2237" 3 5 7 8
"2238" 1 1 4 6
"2239" 7 6 6 4
"2240" 2 3 4 2
"2241" 8 2 3 3
"2242" 6 2 1 5
"2243" 6 2 4 2
"2244" 4 4 1 9
"2245" 3 5 7 8
"2246" 4 4 1 3
"2247" 8 1 3 2
"2248" 5 5 2 7
"2249" 8 1 3 3
"2250" 6 2 1 5
"2251" 7 6 6 4
"2252" 6 2 1 5
"2253" 8 1 3 3
"2254" 3 5 7 8
"2255" 5 5 2 7
"2256" 1 6 6 6
"2257" 7 1 4 3
"2258" 2 3 4 2
"2259" 2 3 4 2
"2260" 1 4 5 6
"2261" 2 3 4 2
"2262" 3 5 7 8
"2263" 2 3 4 6
"2264" 2 3 4 5
"2265" 7 1 4 3
"2266" 7 6 6 4
"2267" 4 4 2 9
"2268" 2 3 4 2
"2269" 5 5 7 7
"2270" 3 5 7 8
"2271" 1 1 4 2
"2272" 7 6 6 4
"2273" 7 3 4 2
"2274" 7 6 6 4
"2275" 2 3 4 2
"2276" 9 6 6 4
"2277" 8 1 3 3
"2278" 7 6 6 4
"2279" 3 5 7 7
"2280" 9 6 6 9
"2281" 5 5 2 7
"2282" 3 5 7 8
"2283" 6 2 4 5
"2284" 5 5 2 9
"2285" 8 1 3 3
"2286" 7 6 6 4
"2287" 1 4 4 6
"2288" 8 1 3 3
"2289" 7 6 6 4
"2290" 9 6 6 4
"2291" 2 3 4 2
"2292" 2 3 4 2
"2293" 1 6 5 6
"2294" 1 4 5 6
"2295" 7 6 6 2
"2296" 1 4 5 6
"2297" 2 3 4 2
"2298" 3 5 7 8
"2299" 5 5 2 7
"2300" 7 1 6 4
"2301" 6 2 1 5
"2302" 6 2 1 5
"2303" 2 3 4 2
"2304" 7 6 6 2
"2305" 1 3 5 6
"2306" 2 3 4 2
"2307" 8 1 3 3
"2308" 2 3 4 2
"2309" 5 5 7 7
"2310" 4 2 1 9
"2311" 4 1 3 9
"2312" 8 1 3 3
"2313" 6 2 4 5
"2314" 6 2 1 5
"2315" 7 6 6 4
"2316" 7 6 6 4
"2317" 6 2 1 5
"2318" 2 3 4 2
"2319" 1 4 5 6
"2320" 1 4 5 6
"2321" 6 2 1 5
"2322" 3 5 7 8
"2323" 8 1 3 3
"2324" 5 5 7 7
"2325" 5 5 2 9
"2326" 9 6 6 4
"2327" 8 1 3 3
"2328" 1 4 5 6
"2329" 5 5 2 7
"2330" 6 2 1 9
"2331" 4 4 1 9
"2332" 8 1 3 3
"2333" 4 4 3 9
"2334" 1 6 5 6
"2335" 8 1 3 3
"2336" 6 2 1 5
"2337" 6 2 1 5
"2338" 1 4 6 6
"2339" 1 4 5 6
"2340" 8 1 3 3
"2341" 6 2 1 5
"2342" 2 3 4 2
"2343" 5 5 7 7
"2344" 6 2 1 5
"2345" 5 5 7 7
"2346" 2 3 4 2
"2347" 2 3 4 2
"2348" 2 3 4 2
"2349" 8 1 3 3
"2350" 7 6 6 4
"2351" 1 4 5 6
"2352" 8 1 3 3
"2353" 1 4 5 6
"2354" 5 2 1 7
"2355" 3 5 7 8
"2356" 8 1 3 3
"2357" 8 1 3 3
"2358" 7 6 6 4
"2359" 3 5 7 8
"2360" 5 5 2 7
"2361" 6 2 1 5
"2362" 6 2 1 5
"2363" 8 1 3 3
"2364" 6 2 1 5
"2365" 1 6 5 6
"2366" 6 2 4 5
"2367" 5 5 2 7
"2368" 8 1 3 3
"2369" 3 5 7 8
"2370" 5 5 2 7
"2371" 4 1 3 3
"2372" 3 5 7 8
"2373" 3 5 7 8
"2374" 4 4 1 7
"2375" 6 1 3 3
"2376" 2 3 4 2
"2377" 4 1 3 9
"2378" 4 4 6 3
"2379" 6 2 4 5
"2380" 5 5 2 7
"2381" 5 2 2 7
"2382" 1 6 5 6
"2383" 6 2 4 5
"2384" 5 5 2 7
"2385" 2 3 4 2
"2386" 8 1 3 3
"2387" 3 5 7 8
"2388" 5 5 2 7
"2389" 2 3 4 2
"2390" 6 2 1 5
"2391" 6 2 1 5
"2392" 1 4 5 6
"2393" 1 6 5 6
"2394" 6 2 1 5
"2395" 6 2 1 5
"2396" 3 5 7 8
"2397" 6 2 1 5
"2398" 4 4 2 9
"2399" 1 6 5 6
"2400" 3 5 7 8
"2401" 7 6 6 2
"2402" 5 5 2 7
"2403" 7 6 6 2
"2404" 7 6 6 2
"2405" 2 3 4 2
"2406" 5 5 7 7
"2407" 1 3 5 6
"2408" 7 6 6 4
"2409" 7 3 4 2
"2410" 3 5 7 8
"2411" 7 6 5 2
"2412" 4 2 1 9
"2413" 6 1 3 3
"2414" 7 3 4 2
"2415" 8 1 3 3
"2416" 5 5 2 7
"2417" 6 2 1 5
"2418" 7 6 6 4
"2419" 6 2 1 5
"2420" 7 6 6 4
"2421" 4 4 3 9
"2422" 1 4 5 2
"2423" 2 3 4 2
"2424" 2 3 4 2
"2425" 1 6 5 5
"2426" 5 5 2 3
"2427" 5 5 2 7
"2428" 7 6 6 4
"2429" 5 5 7 7
"2430" 2 3 4 2
"2431" 8 1 3 4
"2432" 1 4 5 6
"2433" 5 5 2 7
"2434" 1 3 5 6
"2435" 2 3 4 2
"2436" 1 4 5 6
"2437" 9 6 6 9
"2438" 5 5 2 7
"2439" 7 3 5 2
"2440" 6 2 1 5
"2441" 5 5 2 7
"2442" 8 1 3 3
"2443" 8 1 3 3
"2444" 5 5 2 9
"2445" 7 6 6 2
"2446" 4 2 1 9
"2447" 8 1 3 3
"2448" 6 2 1 5
"2449" 6 2 1 5
"2450" 1 6 6 6
"2451" 7 6 6 4
"2452" 1 4 5 6
"2453" 8 1 3 3
"2454" 3 5 7 8
"2455" 2 3 4 2
"2456" 9 6 6 4
"2457" 2 3 4 2
"2458" 1 6 5 6
"2459" 7 6 6 4
"2460" 7 6 6 4
"2461" 5 5 7 7
"2462" 5 5 2 7
"2463" 1 4 5 6
"2464" 2 3 4 2
"2465" 7 3 4 2
"2466" 2 3 4 2
"2467" 6 2 1 5
"2468" 7 3 4 2
"2469" 5 5 2 7
"2470" 6 2 1 5
"2471" 2 3 4 2
"2472" 1 4 5 6
"2473" 2 3 4 2
"2474" 8 1 3 3
"2475" 9 6 6 9
"2476" 8 1 3 3
"2477" 6 2 1 5
"2478" 6 2 1 5
"2479" 7 3 4 2
"2480" 7 6 5 2
"2481" 1 4 5 6
"2482" 2 3 4 2
"2483" 1 3 5 2
"2484" 1 3 5 2
"2485" 7 6 5 2
"2486" 8 1 3 3
"2487" 1 6 5 2
"2488" 5 5 7 8
"2489" 8 1 3 3
"2490" 1 4 5 6
"2491" 6 1 3 5
"2492" 7 6 6 4
"2493" 3 5 7 8
"2494" 2 3 4 2
"2495" 2 3 4 2
"2496" 8 1 3 3
"2497" 8 1 3 3
"2498" 3 5 7 8
"2499" 2 3 4 2
"2500" 7 6 6 2
"2501" 1 4 5 6
"2502" 7 1 6 4
"2503" 1 3 5 2
"2504" 8 1 6 4
"2505" 3 5 7 8
"2506" 1 4 5 6
"2507" 3 5 7 8
"2508" 1 4 5 6
"2509" 8 1 3 3
"2510" 3 5 7 8
"2511" 1 4 5 6
"2512" 9 1 4 4
"2513" 1 3 5 2
"2514" 5 5 7 7
"2515" 1 4 5 6
"2516" 3 5 7 8
"2517" 1 4 5 6
"2518" 7 6 6 4
"2519" 4 4 4 2
"2520" 1 4 5 6
"2521" 7 3 5 2
"2522" 4 6 6 9
"2523" 6 3 5 6
"2524" 6 2 1 3
"2525" 7 3 4 2
"2526" 7 1 3 3
"2527" 6 2 3 3
"2528" 7 6 6 4
"2529" 2 2 4 5
"2530" 6 2 1 5
"2531" 6 2 3 3
"2532" 4 4 1 9
"2533" 3 5 7 8
"2534" 7 6 6 4
"2535" 6 2 1 5
"2536" 8 1 3 3
"2537" 8 1 3 4
"2538" 6 2 1 5
"2539" 8 1 3 3
"2540" 1 6 5 2
"2541" 8 1 3 3
"2542" 3 5 7 8
"2543" 7 3 4 2
"2544" 9 6 6 9
"2545" 3 5 7 8
"2546" 5 5 7 7
"2547" 2 3 4 2
"2548" 6 2 1 5
"2549" 2 3 4 2
"2550" 8 1 3 3
"2551" 4 4 3 3
"2552" 2 3 4 2
"2553" 7 6 5 2
"2554" 7 6 6 2
"2555" 8 1 3 2
"2556" 8 1 3 3
"2557" 8 1 3 3
"2558" 6 2 1 5
"2559" 7 6 6 4
"2560" 8 1 3 3
"2561" 8 1 3 3
"2562" 5 5 2 9
"2563" 3 5 7 8
"2564" 7 6 6 2
"2565" 2 3 4 2
"2566" 1 4 5 6
"2567" 5 5 2 7
"2568" 4 4 2 9
"2569" 7 3 4 2
"2570" 9 6 6 2
"2571" 2 3 4 2
"2572" 1 4 5 6
"2573" 7 3 4 2
"2574" 7 6 6 3
"2575" 7 6 6 4
"2576" 8 1 3 3
"2577" 7 1 4 2
"2578" 1 4 6 6
"2579" 8 1 3 3
"2580" 5 5 2 7
"2581" 3 5 2 8
"2582" 6 2 1 5
"2583" 2 3 4 2
"2584" 7 3 4 2
"2585" 4 4 1 9
"2586" 3 5 7 8
"2587" 7 3 4 4
"2588" 4 4 1 5
"2589" 8 1 3 3
"2590" 7 6 6 4
"2591" 5 5 2 7
"2592" 2 3 4 2
"2593" 4 4 2 9
"2594" 2 3 4 2
"2595" 4 2 1 9
"2596" 2 3 4 2
"2597" 5 5 2 8
"2598" 7 6 6 4
"2599" 5 5 2 7
"2600" 7 1 6 3
"2601" 1 4 5 6
"2602" 1 3 5 6
"2603" 1 4 5 6
"2604" 2 3 4 2
"2605" 2 3 4 2
"2606" 4 2 1 9
"2607" 7 6 6 4
"2608" 2 3 4 2
"2609" 4 4 1 9
"2610" 4 1 3 3
"2611" 1 3 5 6
"2612" 3 5 7 8
"2613" 5 5 7 7
"2614" 5 5 2 7
"2615" 3 5 7 8
"2616" 1 6 5 6
"2617" 6 2 1 5
"2618" 4 1 3 3
"2619" 6 2 1 5
"2620" 5 5 7 7
"2621" 7 6 6 4
"2622" 8 1 3 2
"2623" 7 3 6 2
"2624" 4 2 1 9
"2625" 2 3 4 2
"2626" 8 1 3 3
"2627" 3 5 7 7
"2628" 9 6 6 9
"2629" 8 1 3 3
"2630" 2 3 4 2
"2631" 1 4 5 6
"2632" 8 1 3 3
"2633" 8 1 3 3
"2634" 8 1 3 3
"2635" 9 6 6 4
"2636" 8 1 3 3
"2637" 1 1 3 3
"2638" 6 2 1 5
"2639" 8 1 3 3
"2640" 1 4 5 6
"2641" 1 4 5 6
"2642" 5 2 1 7
"2643" 7 6 5 2
"2644" 8 1 3 3
"2645" 7 6 6 2
"2646" 3 5 7 8
"2647" 7 6 6 4
"2648" 5 5 2 7
"2649" 7 6 5 2
"2650" 9 6 6 4
"2651" 1 3 5 2
"2652" 7 6 6 4
"2653" 6 2 1 5
"2654" 5 5 3 3
"2655" 7 6 6 4
"2656" 1 4 5 6
"2657" 1 3 4 6
"2658" 3 5 7 8
"2659" 3 5 7 8
"2660" 6 2 1 5
"2661" 7 6 6 4
"2662" 9 6 6 4
"2663" 9 1 6 2
"2664" 8 1 3 3
"2665" 1 4 5 6
"2666" 7 6 4 4
"2667" 6 2 1 9
"2668" 8 1 3 3
"2669" 6 2 4 5
"2670" 5 5 7 7
"2671" 9 6 6 9
"2672" 7 3 4 2
"2673" 2 3 4 2
"2674" 6 2 1 5
"2675" 8 1 3 3
"2676" 5 5 2 9
"2677" 7 3 5 2
"2678" 4 4 3 9
"2679" 7 6 6 4
"2680" 6 2 1 5
"2681" 6 2 4 5
"2682" 6 1 3 3
"2683" 6 2 1 7
"2684" 1 3 5 6
"2685" 2 3 4 2
"2686" 1 4 5 6
"2687" 8 1 3 3
"2688" 8 1 3 3
"2689" 5 2 3 7
"2690" 3 5 7 8
"2691" 5 5 7 8
"2692" 1 6 6 4
"2693" 7 6 5 2
"2694" 5 5 2 7
"2695" 2 3 4 2
"2696" 7 3 6 4
"2697" 1 6 5 6
"2698" 6 3 5 5
"2699" 9 6 6 4
"2700" 3 5 7 8
"2701" 2 3 4 6
"2702" 6 1 3 3
"2703" 3 5 7 8
"2704" 6 1 3 3
"2705" 3 5 7 8
"2706" 1 6 5 2
"2707" 7 1 4 4
"2708" 7 6 6 4
"2709" 6 2 1 2
"2710" 6 3 4 6
"2711" 7 3 6 2
"2712" 5 5 2 7
"2713" 1 3 5 6
"2714" 3 5 7 8
"2715" 3 5 2 8
"2716" 1 4 5 6
"2717" 6 2 1 5
"2718" 3 5 7 7
"2719" 1 6 5 6
"2720" 2 3 4 2
"2721" 5 5 2 7
"2722" 8 1 3 3
"2723" 7 1 4 3
"2724" 7 1 6 4
"2725" 6 2 3 5
"2726" 9 6 6 9
"2727" 5 5 2 8
"2728" 3 5 7 8
"2729" 7 1 3 3
"2730" 7 3 4 2
"2731" 2 3 4 2
"2732" 8 1 3 3
"2733" 5 5 2 7
"2734" 3 5 7 8
"2735" 2 3 4 2
"2736" 1 3 5 2
"2737" 2 3 4 2
"2738" 1 3 4 2
"2739" 7 6 6 4
"2740" 1 4 5 6
"2741" 7 6 6 4
"2742" 5 5 7 7
"2743" 7 6 6 4
"2744" 9 6 6 9
"2745" 5 5 2 7
"2746" 1 4 5 6
"2747" 6 2 1 5
"2748" 1 4 5 6
"2749" 8 1 3 3
"2750" 4 4 1 9
"2751" 4 1 3 9
"2752" 4 2 1 9
"2753" 8 1 3 3
"2754" 8 1 3 3
"2755" 5 5 2 7
"2756" 7 3 5 2
"2757" 3 5 7 8
"2758" 8 1 6 3
"2759" 7 1 4 3
"2760" 4 1 3 3
"2761" 4 4 1 9
"2762" 6 1 3 3
"2763" 8 1 3 3
"2764" 8 1 3 3
"2765" 8 1 4 3
"2766" 5 5 2 7
"2767" 3 5 7 8
"2768" 6 2 1 5
"2769" 5 5 2 7
"2770" 6 2 1 5
"2771" 5 5 2 7
"2772" 4 4 3 3
"2773" 6 2 1 5
"2774" 6 2 1 5
"2775" 5 5 2 7
"2776" 4 2 1 9
"2777" 3 5 7 8
"2778" 4 4 3 3
"2779" 7 6 6 4
"2780" 9 6 6 3
"2781" 3 5 7 8
"2782" 8 1 3 3
"2783" 2 3 4 2
"2784" 7 6 6 4
"2785" 3 5 7 8
"2786" 2 3 4 2
"2787" 6 2 1 5
"2788" 5 5 7 7
"2789" 3 5 7 8
"2790" 6 1 3 3
"2791" 2 3 4 2
"2792" 9 6 6 4
"2793" 5 5 7 7
"2794" 5 5 7 7
"2795" 3 5 7 8
"2796" 7 3 4 2
"2797" 6 2 1 5
"2798" 2 3 4 2
"2799" 2 3 4 2
"2800" 4 1 3 3
"2801" 7 6 6 4
"2802" 2 3 4 2
"2803" 8 1 3 3
"2804" 9 6 6 3
"2805" 7 3 4 2
"2806" 8 1 3 3
"2807" 2 3 4 2
"2808" 7 1 6 4
"2809" 3 5 7 8
"2810" 6 2 1 5
"2811" 7 3 5 2
"2812" 7 1 6 4
"2813" 6 2 1 5
"2814" 5 5 2 7
"2815" 7 3 4 2
"2816" 7 6 6 4
"2817" 3 5 7 8
"2818" 6 2 1 5
"2819" 1 3 5 6
"2820" 8 1 6 3
"2821" 4 4 1 9
"2822" 8 1 3 3
"2823" 2 3 4 2
"2824" 9 6 6 4
"2825" 8 1 3 3
"2826" 4 4 3 3
"2827" 6 2 1 5
"2828" 5 5 2 7
"2829" 5 5 2 7
"2830" 4 4 3 3
"2831" 4 1 3 3
"2832" 7 6 6 2
"2833" 2 3 4 2
"2834" 3 5 7 8
"2835" 3 5 7 8
"2836" 7 6 6 4
"2837" 7 1 4 3
"2838" 2 3 4 2
"2839" 6 2 1 5
"2840" 7 3 4 4
"2841" 8 1 3 3
"2842" 4 1 1 3
"2843" 2 3 4 2
"2844" 8 1 3 3
"2845" 6 2 1 5
"2846" 5 5 2 9
"2847" 3 5 7 8
"2848" 1 3 5 6
"2849" 5 5 2 7
"2850" 5 5 2 7
"2851" 4 2 1 9
"2852" 1 4 5 6
"2853" 3 5 7 8
"2854" 7 1 4 3
"2855" 1 4 6 9
"2856" 4 2 1 5
"2857" 7 3 6 2
"2858" 9 6 6 9
"2859" 1 4 5 6
"2860" 6 2 1 5
"2861" 4 4 6 9
"2862" 7 6 6 4
"2863" 1 3 5 2
"2864" 7 3 4 2
"2865" 7 3 4 2
"2866" 2 3 4 2
"2867" 2 3 4 2
"2868" 4 4 3 9
"2869" 1 3 5 6
"2870" 8 1 3 3
"2871" 1 3 5 6
"2872" 5 5 7 7
"2873" 7 6 6 4
"2874" 4 4 3 9
"2875" 6 2 1 5
"2876" 3 5 7 8
"2877" 3 5 7 8
"2878" 3 5 7 8
"2879" 3 5 7 8
"2880" 7 1 6 4
"2881" 7 6 6 4
"2882" 1 6 5 6
"2883" 1 6 5 6
"2884" 7 6 6 4
"2885" 2 3 4 2
"2886" 7 6 6 4
"2887" 5 5 7 8
"2888" 8 1 3 3
"2889" 2 3 4 2
"2890" 3 5 7 8
"2891" 5 5 2 7
"2892" 5 4 3 3
"2893" 7 3 4 2
"2894" 2 3 4 2
"2895" 2 3 4 2
"2896" 6 2 1 5
"2897" 4 4 1 9
"2898" 8 1 3 3
"2899" 3 5 7 8
"2900" 3 5 7 8
"2901" 8 6 6 4
"2902" 6 2 1 5
"2903" 7 6 6 2
"2904" 7 6 6 2
"2905" 8 1 3 3
"2906" 1 4 5 6
"2907" 2 2 4 2
"2908" 1 4 5 6
"2909" 6 2 4 5
"2910" 6 2 1 5
"2911" 6 2 1 5
"2912" 6 2 1 3
"2913" 6 2 1 5
"2914" 7 6 6 4
"2915" 5 5 7 7
"2916" 3 5 7 8
"2917" 2 3 4 2
"2918" 2 3 4 2
"2919" 5 5 2 7
"2920" 5 5 7 7
"2921" 7 1 6 3
"2922" 3 5 7 8
"2923" 6 2 1 5
"2924" 5 5 2 7
"2925" 8 1 3 3
"2926" 1 4 5 6
"2927" 5 5 2 7
"2928" 6 2 1 5
"2929" 2 3 4 2
"2930" 2 3 4 2
"2931" 9 6 6 9
"2932" 6 2 4 2
"2933" 2 2 4 3
"2934" 6 2 1 5
"2935" 3 5 7 8
"2936" 8 1 3 3
"2937" 8 1 3 3
"2938" 3 5 7 8
"2939" 1 4 5 6
"2940" 5 5 7 7
"2941" 4 1 3 9
"2942" 6 2 4 5
"2943" 5 5 2 7
"2944" 5 5 2 7
"2945" 6 2 1 9
"2946" 6 2 1 5
"2947" 7 6 6 4
"2948" 7 6 6 4
"2949" 9 6 6 9
"2950" 9 6 6 4
"2951" 4 1 3 9
"2952" 7 1 6 3
"2953" 5 5 2 7
"2954" 5 5 2 7
"2955" 8 1 3 3
"2956" 6 2 1 5
"2957" 6 2 1 5
"2958" 4 4 3 3
"2959" 2 3 4 2
"2960" 3 5 7 8
"2961" 6 2 1 5
"2962" 3 5 7 8
"2963" 6 2 4 5
"2964" 6 2 1 5
"2965" 7 6 6 2
"2966" 1 4 5 6
"2967" 1 4 5 6
"2968" 7 3 4 2
"2969" 1 6 6 4
"2970" 7 3 6 6
"2971" 8 1 3 3
"2972" 6 2 1 5
"2973" 3 5 7 8
"2974" 7 6 6 4
"2975" 1 6 5 6
"2976" 7 6 6 2
"2977" 2 3 4 2
"2978" 6 2 1 5
"2979" 6 2 1 5
"2980" 5 5 2 7
"2981" 5 5 7 7
"2982" 7 6 5 2
"2983" 1 3 5 6
"2984" 4 1 3 3
"2985" 1 3 5 6
"2986" 7 3 4 2
"2987" 8 1 3 3
"2988" 3 5 7 8
"2989" 2 3 4 2
"2990" 7 1 6 4
"2991" 7 6 6 4
"2992" 8 1 3 3
"2993" 6 2 1 5
"2994" 8 1 3 3
"2995" 5 5 2 7
"2996" 6 2 1 5
"2997" 8 1 3 3
"2998" 5 5 2 7
"2999" 2 3 4 2
"3000" 6 1 3 3
"3001" 9 6 6 9
"3002" 6 2 1 5
"3003" 8 1 3 3
"3004" 3 5 7 8
"3005" 1 4 5 6
"3006" 7 3 4 2
"3007" 7 6 6 4
"3008" 6 2 4 5
"3009" 1 6 5 6
"3010" 7 3 6 2
"3011" 6 2 1 9
"3012" 6 2 1 5
"3013" 2 3 4 2
"3014" 6 2 1 5
"3015" 4 4 5 6
"3016" 2 3 4 2
"3017" 8 1 3 3
"3018" 1 4 5 6
"3019" 3 5 7 8
"3020" 6 2 1 5
"3021" 2 3 4 2
"3022" 6 2 1 5
"3023" 9 6 6 9
"3024" 7 6 6 4
"3025" 3 5 7 8
"3026" 1 4 5 6
"3027" 2 3 4 2
"3028" 2 3 4 2
"3029" 6 2 4 5
"3030" 6 2 1 5
"3031" 1 4 5 6
"3032" 8 1 3 3
"3033" 2 3 4 2
"3034" 7 6 6 4
"3035" 8 1 3 3
"3036" 8 1 3 3
"3037" 9 6 6 9
"3038" 2 3 4 2
"3039" 9 6 6 4
"3040" 8 1 6 3
"3041" 5 5 2 7
"3042" 1 6 5 6
"3043" 7 6 6 2
"3044" 2 3 4 2
"3045" 8 1 3 3
"3046" 8 1 3 3
"3047" 5 5 2 7
"3048" 8 1 3 3
"3049" 6 2 1 5
"3050" 4 1 3 3
"3051" 8 3 4 3
"3052" 6 2 1 5
"3053" 6 2 1 5
"3054" 7 6 6 3
"3055" 7 6 6 2
"3056" 6 2 1 5
"3057" 9 6 6 9
"3058" 7 1 3 4
"3059" 2 3 4 2
"3060" 8 1 3 3
"3061" 7 1 3 3
"3062" 6 2 1 5
"3063" 6 2 1 5
"3064" 7 3 6 4
"3065" 3 5 7 8
"3066" 3 5 7 8
"3067" 6 2 1 9
"3068" 5 5 7 8
"3069" 1 6 5 6
"3070" 8 1 3 3
"3071" 8 1 3 3
"3072" 9 6 6 4
"3073" 1 6 5 2
"3074" 1 4 5 6
"3075" 5 5 2 3
"3076" 8 1 3 3
"3077" 2 3 4 2
"3078" 5 5 7 7
"3079" 4 4 5 6
"3080" 6 2 1 5
"3081" 2 3 4 2
"3082" 8 1 3 3
"3083" 6 2 4 3
"3084" 7 6 6 4
"3085" 8 1 3 3
"3086" 2 3 4 2
"3087" 1 3 5 6
"3088" 2 3 4 2
"3089" 7 6 5 2
"3090" 6 2 1 5
"3091" 2 3 4 2
"3092" 4 4 1 9
"3093" 6 2 1 5
"3094" 5 5 7 7
"3095" 9 6 6 4
"3096" 5 5 3 3
"3097" 7 6 6 4
"3098" 7 1 6 3
"3099" 7 3 6 2
"3100" 8 1 3 3
"3101" 6 1 3 5
"3102" 1 4 5 6
"3103" 2 3 4 2
"3104" 7 3 5 2
"3105" 3 5 7 8
"3106" 7 6 6 4
"3107" 9 6 6 9
"3108" 9 6 6 2
"3109" 2 3 4 2
"3110" 7 6 6 4
"3111" 4 4 3 9
"3112" 1 3 5 2
"3113" 6 2 1 5
"3114" 7 6 6 4
"3115" 5 5 7 7
"3116" 6 2 1 9
"3117" 2 3 4 6
"3118" 8 1 3 3
"3119" 4 4 3 6
"3120" 4 4 5 6
"3121" 4 4 1 6
"3122" 7 6 6 2
"3123" 5 5 2 7
"3124" 7 3 5 2
"3125" 5 5 7 7
"3126" 4 4 5 6
"3127" 5 5 2 7
"3128" 6 1 3 3
"3129" 3 5 7 8
"3130" 7 6 6 4
"3131" 7 6 6 4
"3132" 2 3 4 4
"3133" 5 5 2 7
"3134" 6 2 4 6
"3135" 8 1 3 3
"3136" 2 3 4 2
"3137" 7 3 4 4
"3138" 6 2 1 5
"3139" 1 3 5 6
"3140" 2 3 4 2
"3141" 8 1 6 3
"3142" 1 6 5 6
"3143" 6 1 3 3
"3144" 8 1 3 3
"3145" 2 3 4 2
"3146" 7 1 3 3
"3147" 8 1 3 3
"3148" 7 6 6 4
"3149" 7 6 6 4
"3150" 7 6 6 4
"3151" 1 4 5 6
"3152" 2 3 4 2
"3153" 9 6 6 9
"3154" 5 5 7 7
"3155" 2 3 4 2
"3156" 7 1 4 4
"3157" 8 1 3 3
"3158" 7 1 4 2
"3159" 1 4 5 6
"3160" 7 6 6 4
"3161" 8 1 3 3
"3162" 9 6 6 4
"3163" 2 3 4 2
"3164" 1 6 5 6
"3165" 7 1 6 3
"3166" 6 2 1 5
"3167" 1 6 5 6
"3168" 1 4 5 6
"3169" 2 3 4 2
"3170" 1 4 5 6
"3171" 5 5 7 7
"3172" 7 6 5 5
"3173" 2 3 4 2
"3174" 6 2 1 5
"3175" 7 1 4 2
"3176" 7 6 6 4
"3177" 7 6 6 4
"3178" 1 4 5 6
"3179" 7 3 4 2
"3180" 6 1 3 2
"3181" 6 2 1 5
"3182" 7 6 6 4
"3183" 6 2 1 5
"3184" 8 1 3 3
"3185" 2 3 4 2
"3186" 7 1 6 4
"3187" 9 6 6 4
"3188" 7 6 6 4
"3189" 1 4 5 6
"3190" 7 3 4 2
"3191" 2 3 4 2
"3192" 3 5 7 8
"3193" 8 1 3 3
"3194" 5 5 2 7
"3195" 9 6 6 4
"3196" 7 6 6 4
"3197" 5 5 7 7
"3198" 5 5 7 8
"3199" 7 1 6 4
"3200" 5 1 3 3
"3201" 8 1 3 3
"3202" 9 6 6 4
"3203" 1 4 5 6
"3204" 6 2 1 5
"3205" 6 2 1 7
"3206" 7 1 4 3
"3207" 8 1 3 3
"3208" 3 5 7 8
"3209" 2 3 4 2
"3210" 8 1 3 3
"3211" 7 6 5 2
"3212" 7 3 4 2
"3213" 4 2 1 9
"3214" 8 1 3 3
"3215" 2 3 4 2
"3216" 4 1 3 3
"3217" 3 5 7 8
"3218" 4 4 2 9
"3219" 1 3 5 6
"3220" 5 5 3 3
"3221" 5 5 2 7
"3222" 2 3 4 2
"3223" 9 6 6 4
"3224" 5 5 2 7
"3225" 7 1 3 3
"3226" 4 4 2 9
"3227" 6 2 1 5
"3228" 7 3 6 2
"3229" 6 2 1 5
"3230" 7 6 6 4
"3231" 6 2 1 5
"3232" 7 6 6 4
"3233" 4 4 3 9
"3234" 5 5 2 7
"3235" 6 2 1 5
"3236" 5 5 7 7
"3237" 6 2 1 5
"3238" 1 3 5 6
"3239" 5 5 2 9
"3240" 8 1 3 3
"3241" 6 2 1 5
"3242" 8 1 3 3
"3243" 7 6 6 4
"3244" 9 6 6 4
"3245" 7 6 5 2
"3246" 1 6 6 4
"3247" 6 2 1 5
"3248" 6 2 1 5
"3249" 6 1 3 3
"3250" 4 1 3 3
"3251" 2 3 4 2
"3252" 3 5 7 8
"3253" 8 1 4 3
"3254" 2 3 4 2
"3255" 2 3 4 2
"3256" 5 5 2 7
"3257" 2 3 4 2
"3258" 6 2 3 5
"3259" 5 5 2 7
"3260" 2 3 4 2
"3261" 8 1 3 3
"3262" 9 6 6 9
"3263" 2 3 4 2
"3264" 8 1 3 3
"3265" 3 5 7 7
"3266" 4 1 3 3
"3267" 5 5 2 9
"3268" 7 6 6 4
"3269" 1 4 5 6
"3270" 2 3 4 2
"3271" 8 1 3 3
"3272" 4 1 3 3
"3273" 5 5 2 7
"3274" 3 5 7 8
"3275" 5 5 2 7
"3276" 9 6 6 4
"3277" 6 2 1 5
"3278" 6 2 1 5
"3279" 8 1 3 3
"3280" 2 3 4 2
"3281" 7 3 5 2
"3282" 1 6 5 6
"3283" 1 6 6 9
"3284" 7 3 4 2
"3285" 5 2 1 7
"3286" 3 5 7 8
"3287" 2 3 4 2
"3288" 8 1 3 3
"3289" 1 4 5 6
"3290" 3 5 7 8
"3291" 7 1 4 3
"3292" 4 1 3 9
"3293" 8 1 3 3
"3294" 8 1 3 3
"3295" 2 3 4 2
"3296" 4 4 1 3
"3297" 3 5 7 8
"3298" 8 1 3 3
"3299" 1 4 5 9
"3300" 1 4 5 6
"3301" 7 3 4 2
"3302" 6 2 1 5
"3303" 7 6 5 2
"3304" 2 3 4 2
"3305" 7 6 6 4
"3306" 1 3 5 4
"3307" 8 1 3 3
"3308" 1 4 5 6
"3309" 3 5 7 8
"3310" 1 4 5 9
"3311" 6 2 3 3
"3312" 7 6 6 2
"3313" 6 2 1 5
"3314" 1 4 5 5
"3315" 8 1 3 3
"3316" 2 3 4 2
"3317" 4 4 2 9
"3318" 7 6 6 4
"3319" 9 6 6 9
"3320" 4 4 1 9
"3321" 4 2 1 5
"3322" 3 5 7 8
"3323" 2 3 4 2
"3324" 5 5 3 7
"3325" 6 2 1 3
"3326" 5 5 2 7
"3327" 5 5 2 7
"3328" 1 4 5 6
"3329" 7 6 6 3
"3330" 8 1 3 3
"3331" 4 1 3 9
"3332" 2 3 4 2
"3333" 6 3 5 2
"3334" 9 6 6 4
"3335" 9 6 6 4
"3336" 1 4 5 6
"3337" 2 3 4 2
"3338" 9 6 6 9
"3339" 2 3 4 2
"3340" 8 1 3 3
"3341" 1 4 5 6
"3342" 8 1 3 3
"3343" 2 3 4 2
"3344" 5 5 2 9
"3345" 4 1 3 3
"3346" 7 3 4 2
"3347" 7 3 4 2
"3348" 7 6 6 4
"3349" 8 1 3 3
"3350" 4 4 2 8
"3351" 6 2 1 5
"3352" 1 1 4 3
"3353" 3 5 7 8
"3354" 8 1 3 3
"3355" 2 3 4 5
"3356" 7 6 6 4
"3357" 9 6 6 2
"3358" 1 4 5 6
"3359" 8 1 3 3
"3360" 3 5 7 8
"3361" 8 1 3 3
"3362" 6 2 1 5
"3363" 1 6 6 9
"3364" 1 4 5 6
"3365" 9 6 6 9
"3366" 2 3 4 2
"3367" 6 2 1 5
"3368" 2 3 4 2
"3369" 7 6 5 2
"3370" 7 1 4 3
"3371" 9 6 6 4
"3372" 9 6 6 4
"3373" 7 6 6 3
"3374" 7 3 5 2
"3375" 6 2 4 6
"3376" 6 2 1 5
"3377" 3 5 7 8
"3378" 7 3 5 2
"3379" 2 3 4 2
"3380" 8 1 3 3
"3381" 1 6 6 9
"3382" 7 1 6 3
"3383" 6 1 3 3
"3384" 1 4 5 6
"3385" 2 3 4 2
"3386" 4 4 3 9
"3387" 5 5 2 7
"3388" 6 2 4 2
"3389" 6 2 1 5
"3390" 8 1 3 3
"3391" 6 2 1 5
"3392" 5 1 2 9
"3393" 4 4 3 9
"3394" 6 2 1 5
"3395" 2 3 4 2
"3396" 7 3 4 2
"3397" 1 3 4 2
"3398" 3 5 7 8
"3399" 9 6 6 4
"3400" 1 6 5 6
"3401" 1 1 3 3
"3402" 2 3 4 2
"3403" 1 3 4 6
"3404" 2 3 4 2
"3405" 7 6 5 2
"3406" 1 3 4 2
"3407" 5 5 2 7
"3408" 9 6 6 4
"3409" 7 6 6 4
"3410" 2 3 4 2
"3411" 6 2 1 5
"3412" 1 4 5 6
"3413" 3 5 7 8
"3414" 8 1 3 3
"3415" 2 3 4 2
"3416" 1 6 6 4
"3417" 6 2 1 2
"3418" 1 4 6 4
"3419" 8 1 3 3
"3420" 2 3 4 2
"3421" 2 3 4 2
"3422" 7 6 6 4
"3423" 2 3 4 2
"3424" 1 3 4 6
"3425" 7 6 6 3
"3426" 6 2 1 5
"3427" 7 3 4 2
"3428" 6 3 4 2
"3429" 8 1 3 3
"3430" 4 4 5 6
"3431" 2 3 4 2
"3432" 1 4 5 6
"3433" 8 1 3 3
"3434" 6 1 3 3
"3435" 2 3 4 2
"3436" 4 2 1 9
"3437" 5 5 1 7
"3438" 1 6 5 6
"3439" 8 1 3 3
"3440" 5 5 7 7
"3441" 7 3 4 2
"3442" 8 1 3 3
"3443" 8 1 3 3
"3444" 1 4 5 6
"3445" 1 3 5 6
"3446" 2 3 4 2
"3447" 6 1 3 5
"3448" 7 1 4 3
"3449" 5 5 7 7
"3450" 9 1 6 3
"3451" 6 2 1 5
"3452" 8 1 3 3
"3453" 9 6 6 9
"3454" 1 4 5 6
"3455" 8 1 3 3
"3456" 4 1 3 3
"3457" 2 3 4 7
"3458" 1 4 5 6
"3459" 1 4 5 6
"3460" 8 1 3 3
"3461" 5 5 2 7
"3462" 1 1 5 9
"3463" 4 1 3 3
"3464" 2 3 4 2
"3465" 4 4 1 3
"3466" 6 2 1 5
"3467" 2 3 4 2
"3468" 1 4 5 6
"3469" 6 2 1 5
"3470" 8 1 3 3
"3471" 2 3 4 2
"3472" 6 2 1 2
"3473" 2 3 4 2
"3474" 2 3 4 2
"3475" 2 3 4 2
"3476" 7 6 5 2
"3477" 6 2 1 9
"3478" 8 1 3 3
"3479" 5 5 2 7
"3480" 1 4 5 6
"3481" 8 1 3 3
"3482" 7 1 6 4
"3483" 6 1 3 3
"3484" 3 5 2 8
"3485" 1 4 5 6
"3486" 2 3 4 2
"3487" 2 3 4 2
"3488" 5 5 7 7
"3489" 5 5 2 7
"3490" 1 6 5 6
"3491" 7 6 6 4
"3492" 9 6 6 4
"3493" 7 6 6 4
"3494" 1 6 6 6
"3495" 4 1 3 3
"3496" 9 4 6 2
"3497" 4 4 3 3
"3498" 5 5 2 7
"3499" 9 6 6 4
"3500" 8 1 3 3
"3501" 2 3 4 2
"3502" 8 1 3 3
"3503" 8 1 3 3
"3504" 1 4 5 6
"3505" 4 4 2 9
"3506" 8 1 3 3
"3507" 6 2 4 5
"3508" 6 2 1 5
"3509" 8 1 3 3
"3510" 3 5 7 8
"3511" 5 5 7 7
"3512" 7 3 6 2
"3513" 9 6 6 9
"3514" 5 5 7 8
"3515" 7 3 4 2
"3516" 1 4 5 6
"3517" 6 2 1 5
"3518" 5 5 7 7
"3519" 8 1 3 9
"3520" 7 3 4 2
"3521" 6 2 1 5
"3522" 7 6 6 2
"3523" 2 3 4 2
"3524" 3 5 7 8
"3525" 7 6 6 4
"3526" 6 3 4 6
"3527" 5 5 7 7
"3528" 6 2 4 5
"3529" 4 4 2 9
"3530" 3 5 7 8
"3531" 3 5 7 8
"3532" 8 1 3 3
"3533" 8 1 3 3
"3534" 6 1 3 3
"3535" 2 3 4 2
"3536" 7 3 4 2
"3537" 1 3 5 2
"3538" 2 3 4 2
"3539" 7 6 6 4
"3540" 1 6 5 6
"3541" 1 6 6 6
"3542" 5 5 2 7
"3543" 7 6 6 4
"3544" 3 5 7 8
"3545" 2 3 4 2
"3546" 6 3 4 5
"3547" 7 3 6 2
"3548" 9 6 6 4
"3549" 1 6 5 6
"3550" 8 1 3 3
"3551" 6 2 1 5
"3552" 3 5 7 8
"3553" 6 2 1 2
"3554" 4 4 3 9
"3555" 7 1 6 4
"3556" 7 3 4 2
"3557" 4 2 1 9
"3558" 8 1 3 3
"3559" 2 3 4 2
"3560" 5 5 2 7
"3561" 1 6 5 6
"3562" 7 6 6 4
"3563" 5 2 1 7
"3564" 9 6 6 4
"3565" 8 1 3 3
"3566" 5 5 2 7
"3567" 7 6 6 4
"3568" 7 6 6 4
"3569" 6 2 1 5
"3570" 3 5 7 8
"3571" 2 3 4 2
"3572" 5 5 2 7
"3573" 6 2 1 5
"3574" 8 1 3 3
"3575" 4 4 1 9
"3576" 2 3 4 2
"3577" 4 2 1 9
"3578" 7 6 6 4
"3579" 3 5 7 8
"3580" 6 2 1 5
"3581" 3 5 7 8
"3582" 8 1 3 3
"3583" 9 6 6 4
"3584" 3 5 7 8
"3585" 5 5 2 7
"3586" 5 5 7 7
"3587" 1 4 5 6
"3588" 1 3 5 6
"3589" 5 5 7 7
"3590" 7 6 6 4
"3591" 1 4 5 6
"3592" 2 3 4 2
"3593" 2 3 4 2
"3594" 6 2 1 3
"3595" 1 3 5 6
"3596" 7 3 4 2
"3597" 5 5 2 7
"3598" 6 2 1 5
"3599" 7 6 6 4
"3600" 8 1 3 3
"3601" 1 4 5 6
"3602" 5 5 2 7
"3603" 7 3 5 2
"3604" 1 3 4 2
"3605" 1 6 5 6
"3606" 2 3 4 2
"3607" 6 2 4 5
"3608" 8 1 3 3
"3609" 2 3 4 2
"3610" 7 6 6 4
"3611" 2 3 4 2
"3612" 5 5 2 7
"3613" 3 5 7 8
"3614" 5 5 2 9
"3615" 2 3 4 2
"3616" 6 2 1 9
"3617" 7 3 4 2
"3618" 2 3 4 2
"3619" 4 4 2 9
"3620" 8 1 3 3
"3621" 4 1 3 9
"3622" 8 1 3 3
"3623" 2 3 4 6
"3624" 5 5 2 7
"3625" 8 1 6 3
"3626" 4 4 3 3
"3627" 4 4 3 9
"3628" 2 3 4 2
"3629" 2 3 4 2
"3630" 2 3 4 2
"3631" 3 5 7 7
"3632" 3 5 7 8
"3633" 4 4 1 9
"3634" 4 4 2 9
"3635" 1 6 5 2
