"ARI" "" "" "" "" "" ""
"result.1" 0.989978872074213 0.983144603927205 0.98324686819456 7 -8098283.91171649 -99262.2266371124 16558251.4149627
"result.2" 0.987091057231697 0.981605017634606 0.981716629001728 7 -8151608.44705055 -99372.1161045541 16665120.2645657
"result.3" 0.989679687751419 0.98351618811517 0.983616210801923 7 -8138278.84965285 -99426.2753457225 16638569.3882526
"result.4" 0.984205479278805 0.974933190145334 0.975085304055762 7 -8136908.11847154 -99019.4417729017 16635014.2587443
"result.5" 0.988731180100839 0.981263624236476 0.981377311186256 7 -8132357.77369565 -99495.855870588 16626866.3973879
"result.6" 0.991957335563834 0.987306075134628 0.987383048862542 7 -8129416.06845163 -99131.5336928102 16620254.3425443
"result.7" 0.988244750480994 0.981279945555103 0.981393527765801 7 -8102447.70332858 -99417.627033169 16566889.798979
"result.8" 0.9963107436739 0.993585353329924 0.993624275164766 7 -8160376.26916438 -99462.3360307251 16682836.3486457
"result.9" 0.994194849798287 0.991143650255554 0.991197370106262 7 -8091178.34719709 -99026.836777865 16543569.5062054
"result.10" 0.991473152492722 0.987386397481595 0.987462931013588 7 -8132853.36523168 -99336.6022180368 16627539.0731549
"result.11" 0.992657319473383 0.98810145412309 0.988173650456514 7 -8163708.40179632 -99086.2990638833 16688748.5399759
"result.12" 0.98843877282912 0.98119988158118 0.981313959573297 7 -8116010.96254033 -99478.7841739175 16594138.631684
"result.13" 0.993970352745072 0.991241801198174 0.991294939562997 7 -8119602.04472369 -99213.7530056647 16600790.7337142
"result.14" 0.991489840655571 0.985271505229853 0.985360788551558 7 -8143728.36009039 -99290.7568830474 16649197.3722023
"result.15" 0.98999456471685 0.983742960682194 0.983841604159998 7 -8122888.42395108 -99311.8690514075 16607559.7242604
"result.16" 0.98830143764177 0.982575064514432 0.98268073543624 7 -8103476.7058804 -99397.0398670322 16568906.6297503
"result.17" 0.994800175566007 0.99098400711466 0.991038715506936 7 -8110503.9755451 -99258.5004804407 16582684.0903065
"result.18" 0.988370878322197 0.979576211607319 0.979700141620678 7 -8105490.4036676 -99158.7011560905 16572457.3479028
"result.19" 0.989861272730068 0.984837653352027 0.984929655679002 7 -8093837.19421458 -99269.9290002221 16549373.3846851
"result.20" 0.990939765224391 0.984190758326736 0.984286685360589 7 -8130392.50225663 -99250.9078944781 16622445.9585577
"result.21" 0.990069504774827 0.982170072146907 0.982278258063588 7 -8190816.36014391 -99522.8937857285 16743837.6461147
"result.22" 0.989938543713293 0.985336553313063 0.985425528273857 7 -8139976.25813713 -99248.5501381667 16641608.754806
"result.23" 0.993486116754885 0.989274882250437 0.989339958448004 7 -8125498.49923445 -99073.5192179896 16612303.1751603
"result.24" 0.998801499689183 0.997846238466871 0.997859305780887 7 -8109146.57344298 -99321.6585362037 16580095.6022138
"result.25" 0.990472388322589 0.985476056510503 0.985564186274786 7 -8101044.42527483 -99085.3388094328 16563418.666424
"result.26" 0.990522078510526 0.985398417508564 0.985487005331 7 -8120932.22649444 -99039.9800944469 16603103.5514332
"result.27" 0.989136511738486 0.98545057737251 0.985538857190733 7 -8093337.55863073 -99298.9985028371 16548432.2525226
"result.28" 0.990624204238889 0.983880161839838 0.983977980022314 7 -8075708.99619226 -99387.923773381 16513352.9781867
"result.29" 0.994097235581636 0.989278104575753 0.989343163842292 7 -8129921.84313803 -99262.7063516892 16621528.2372349
"result.30" 0.987924587830716 0.981548921184063 0.981660887280326 7 -8091460.20591784 -99021.9063092005 16544123.3627095
"result.31" 0.991479989114444 0.987043573138639 0.987122190142647 7 -8148568.66858235 -99406.1282825967 16659108.7319854
"result.32" 0.990068666971593 0.984101405783911 0.984197874654245 7 -8123072.6531764 -99081.2035533258 16607466.8517149
"result.33" 0.992239339787918 0.987735087417511 0.987809443937587 7 -8097631.6138422 -99227.2687806549 16556876.9035012
"result.34" 0.991637692600806 0.985282529964354 0.985371835847247 7 -8133550.33622227 -99109.0239076523 16628477.8585153
"result.35" 0.992154813446167 0.987799136043954 0.98787317130713 7 -8111557.05132506 -99264.6139400784 16584802.4687857
"result.36" 0.995673147399343 0.992052834032509 0.99210104627665 7 -8105990.56255517 -99399.4578725625 16573939.1791109
"result.37" 0.993582479055135 0.990342046487359 0.99040063801699 7 -8147764.14250082 -99273.1690082804 16657233.7612737
"result.38" 0.996784141723333 0.993684190333847 0.993722512309317 7 -8113484.68592972 -98987.0473209823 16588102.6047569
"result.39" 0.992722407584366 0.989445540453306 0.989509579986206 7 -8095294.9238874 -99321.771250757 16552392.5285318
"result.40" 0.991223609012204 0.986186249388237 0.986270055033192 7 -8148183.79972376 -99294.4999093199 16658115.7375216
"result.41" 0.99695286378072 0.995538314552589 0.995565386115022 7 -8133629.98147493 -98997.5973662485 16628414.2959378
"result.42" 0.988875827911077 0.981408356523861 0.981521181210348 7 -8174373.93544535 -99468.680874648 16710844.3708955
"result.43" 0.99382505651029 0.989645829610335 0.989708655378388 7 -8110663.41383468 -99282.0583948548 16583050.0827145
"result.44" 0.990202612211065 0.985418078239356 0.985506554642581 7 -8095163.48066797 -99228.0848066701 16551942.2692047
"result.45" 0.990635229669809 0.985239982975847 0.985329541834593 7 -8110389.79611747 -99151.7099926259 16582242.1504757
"result.46" 0.985075922442847 0.978622179500515 0.978751900748988 7 -8108682.40148714 -99360.2330499568 16579244.4073297
"result.47" 0.990398756582293 0.984174440385061 0.984270460718177 7 -8099069.51026435 -99304.7511997022 16559907.6611836
"result.48" 0.984767429297077 0.978992410521467 0.979119880346214 7 -8102899.49858541 -99517.2421187752 16567992.6196638
"result.49" 0.990279477444855 0.984377253737466 0.984472049762553 7 -8097583.01847573 -99371.3942954683 16557067.9637979
"result.50" 0.99038023178946 0.985323961821705 0.98541301022674 7 -8105744.22506672 -99110.5941680405 16572868.776725
