"ARI" "" "" "" "" "" ""
"result.1" 0.988044084278351 0.975420944955873 0.97551299218966 5 -8098385.40961648 -99213.79341373 16558209.9891377
"result.2" 0.982924588730356 0.969461941663058 0.969576309912632 5 -8151617.69000561 -99180.0031558426 16664606.9694002
"result.3" 0.989479716783489 0.979849769947363 0.979925227087725 5 -8138332.30855012 -99513.8647789387 16638703.9297354
"result.4" 0.978564965467591 0.957058767398163 0.957219610645432 5 -8136957.91660856 -99156.4674607194 16635240.3512158
"result.5" 0.990413898482047 0.981198193919369 0.981268535125754 5 -8132418.22661317 -99272.8381200882 16626393.7125438
"result.6" 0.987679579330207 0.975588459235668 0.975679863727245 5 -8129480.76835513 -98998.0968640409 16619969.3135156
"result.7" 0.989777827382746 0.980737188690846 0.980809322154385 5 -8102425.83967837 -99287.7680155697 16566438.7984652
"result.8" 0.981184661874857 0.967068339031075 0.967191675942028 5 -8160393.25679623 -99534.7699763731 16682867.6366225
"result.9" 0.98459269659258 0.972846618606506 0.972948292872376 5 -8091206.11889649 -98980.6348367153 16543385.0905437
"result.10" 0.991438347614985 0.983471770633068 0.98353366580738 5 -8132885.79009714 -99308.4908498854 16627400.1449713
"result.11" 0.985664962432206 0.973629582904959 0.973728330934322 5 -8163745.40614159 -99061.0733988265 16688624.5421581
"result.12" 0.983617572056547 0.968607757419121 0.968725330625867 5 -8116180.35130908 -99240.0968432092 16593852.4793819
"result.13" 0.987534566640758 0.978028153066302 0.978110425402161 5 -8119616.07646184 -99306.1890236171 16600856.1140482
"result.14" 0.983000513820497 0.967456551701237 0.967578413794683 5 -8143765.16781495 -99312.229225931 16649166.3771591
"result.15" 0.990290878414303 0.9793020562199 0.979379559128396 5 -8122991.21204123 -99312.7859647952 16607619.5790894
"result.16" 0.982047462825857 0.967335220501862 0.967457543250608 5 -8103582.48381497 -99225.0754325191 16568626.7015723
"result.17" 0.992671770836662 0.983857931671496 0.98391838355355 5 -8110564.8209052 -99121.4226843325 16582384.0702564
"result.18" 0.990424214505968 0.981180828124991 0.981251300186354 5 -8105499.55578521 -99041.9368858217 16572094.5684194
"result.19" 0.990787464276152 0.981376413725813 0.981446156707168 5 -8093880.13555081 -99290.1145136038 16549352.0832061
"result.20" 0.985565675452209 0.971683827463086 0.971789867273225 5 -8130429.46039811 -99011.0613391642 16621892.6265518
"result.21" 0.980905355373497 0.961870232025339 0.962013039015498 5 -8190926.22651659 -99448.0279439375 16743760.0919983
"result.22" 0.978621950784025 0.963499707789403 0.963636405416252 5 -8140078.44646886 -99165.5876045237 16641499.6512241
"result.23" 0.990564853654403 0.981222467368259 0.981292779416583 5 -8125485.64756688 -98915.9654876527 16611814.8091864
"result.24" 0.985831710227673 0.977126500439126 0.977212152824937 5 -8109153.63266326 -99109.6049568108 16579538.0583174
"result.25" 0.987749316353912 0.97552793442918 0.975619576503301 5 -8101140.41181652 -99094.374474999 16563481.1556603
"result.26" 0.979365322898032 0.963819006536741 0.963954513506723 5 -8120964.01839821 -99048.7360647571 16603037.0920032
"result.27" 0.991441230859396 0.981308324574384 0.981378314544863 5 -8093405.23150773 -99177.3095994624 16548176.6652917
"result.28" 0.992383015170281 0.984101104183901 0.984160641110717 5 -8075777.17691274 -99350.4530351927 16513266.8429732
"result.29" 0.977831083368547 0.951632089230669 0.951813303737403 5 -8129982.60136888 -99217.7609408122 16621412.3076967
"result.30" 0.98892345223985 0.97651221079796 0.976600172154228 5 -8091535.64273344 -99005.1520563283 16544093.1726568
"result.31" 0.990711986455541 0.981076961416113 0.98114781828612 5 -8148597.95440951 -99254.1181496475 16658715.7281956
"result.32" 0.980605680182495 0.963843107046746 0.963978534397296 5 -8123155.97222662 -98981.78723505 16607287.1020006
"result.33" 0.995700449324203 0.988493276781659 0.988536359682918 5 -8097752.66769715 -99128.8381693035 16556774.5948102
"result.34" 0.988453651686801 0.977900407336206 0.977983173468925 5 -8133683.14025922 -99050.5140866661 16628478.8917691
"result.35" 0.979263054647405 0.959506287931907 0.95965797035629 5 -8111500.76761041 -99108.9481006224 16584231.0144994
"result.36" 0.986749955571178 0.975670633785407 0.975761746678022 5 -8106054.30748687 -99295.9954084404 16573712.1888679
"result.37" 0.991584536935586 0.983714940171382 0.983775923364547 5 -8147813.58837585 -99271.8029539461 16657182.3657369
"result.38" 0.988029275902168 0.977872617000667 0.977955481847887 5 -8113422.61277814 -98827.4063459481 16587511.6213255
"result.39" 0.994549176545871 0.987161258130629 0.987209332935827 5 -8095344.86845978 -99190.7489038433 16552082.8178045
"result.40" 0.978398857381247 0.958919275166372 0.95907315790971 5 -8148278.86625393 -99218.4298079542 16658006.1752011
"result.41" 0.98052116943911 0.966180369874605 0.96630703134666 5 -8133659.59517035 -98713.9859687824 16627758.7453556
"result.42" 0.978758462001492 0.956485609837026 0.956648608193927 5 -8174440.19785692 -99322.4484188499 16710536.8756288
"result.43" 0.993457078753665 0.983796913214218 0.983857590493549 5 -8110662.38475513 -99280.6585340033 16582897.6696556
"result.44" 0.983986139339758 0.969493818858008 0.969608075871674 5 -8095241.89008999 -99166.4576087684 16551828.2784748
"result.45" 0.988544834653672 0.977359819739515 0.977444601318188 5 -8110460.80455182 -98931.1755488473 16581795.5432786
"result.46" 0.965604057084452 0.943267629609439 0.943480181136905 5 -8108772.81211411 -99307.0161974338 16579171.2397004
"result.47" 0.989835247991114 0.978117529562324 0.978199468436967 5 -8099109.77877791 -99324.2213200476 16559879.5832732
"result.48" 0.968277909670965 0.946664533345851 0.946864344659789 5 -8102966.50950601 -99386.1778466024 16567716.9577825
"result.49" 0.983358092154971 0.970097863237473 0.970209858066585 5 -8097671.83810442 -99298.0218971262 16556951.3030804
"result.50" 0.989406305069635 0.980057759581444 0.980132433555881 5 -8105877.66353037 -99071.1819767349 16572909.2740915
