"SCMEB" "DRSC" "BayesSpace" "Louvain"
"1" 5 3 5 2
"2" 3 1 2 2
"3" 10 4 7 6
"4" 3 1 2 2
"5" 7 4 4 7
"6" 5 3 5 5
"7" 6 2 5 5
"8" 4 1 6 4
"9" 8 4 7 6
"10" 5 3 5 5
"11" 2 3 5 5
"12" 9 3 2 3
"13" 4 1 6 4
"14" 5 3 5 3
"15" 4 2 5 5
"16" 4 3 5 5
"17" 9 3 5 3
"18" 7 2 1 8
"19" 10 4 7 6
"20" 4 2 5 5
"21" 6 1 3 2
"22" 3 1 2 2
"23" 2 3 2 5
"24" 10 4 7 6
"25" 8 4 4 7
"26" 8 4 4 7
"27" 1 2 6 2
"28" 3 1 2 2
"29" 6 2 3 9
"30" 10 4 7 6
"31" 3 1 2 3
"32" 2 3 5 5
"33" 5 3 5 4
"34" 5 3 5 3
"35" 5 1 2 3
"36" 9 1 2 3
"37" 7 2 1 5
"38" 5 3 5 3
"39" 5 3 5 5
"40" 5 3 5 5
"41" 8 4 4 7
"42" 9 3 5 5
"43" 9 3 5 3
"44" 3 1 2 2
"45" 1 1 2 4
"46" 8 4 4 7
"47" 4 1 6 4
"48" 7 1 6 2
"49" 1 1 2 2
"50" 1 1 2 2
"51" 9 3 5 3
"52" 10 4 7 6
"53" 2 1 2 8
"54" 9 1 2 3
"55" 8 4 7 6
"56" 2 1 6 4
"57" 10 4 7 6
"58" 2 1 2 8
"59" 5 3 5 5
"60" 3 1 2 2
"61" 4 3 1 5
"62" 3 2 2 2
"63" 10 4 7 6
"64" 3 1 2 2
"65" 2 1 6 8
"66" 9 3 5 3
"67" 1 1 2 4
"68" 6 2 3 9
"69" 10 4 7 7
"70" 8 4 4 7
"71" 2 1 6 8
"72" 3 2 2 2
"73" 10 4 7 6
"74" 3 1 2 2
"75" 3 1 2 2
"76" 10 4 7 6
"77" 10 4 7 6
"78" 9 3 5 3
"79" 5 3 5 4
"80" 3 1 2 2
"81" 1 1 6 4
"82" 5 3 5 4
"83" 3 1 2 2
"84" 6 2 3 9
"85" 5 3 5 5
"86" 9 3 5 3
"87" 4 3 5 5
"88" 1 1 2 3
"89" 4 3 5 5
"90" 6 1 2 5
"91" 1 1 6 2
"92" 9 3 5 3
"93" 3 1 2 2
"94" 8 4 4 7
"95" 1 1 6 2
"96" 5 3 5 5
"97" 5 3 5 5
"98" 10 4 7 6
"99" 8 4 7 6
"100" 3 1 2 2
"101" 2 1 2 2
"102" 3 1 2 3
"103" 4 1 6 4
"104" 9 3 5 3
"105" 8 4 4 7
"106" 2 1 6 8
"107" 5 3 5 3
"108" 9 3 2 3
"109" 6 2 3 9
"110" 5 1 6 4
"111" 8 4 7 7
"112" 3 1 2 2
"113" 1 1 6 4
"114" 9 3 5 3
"115" 6 2 3 9
"116" 3 1 2 2
"117" 2 1 2 8
"118" 6 2 3 9
"119" 6 2 3 9
"120" 8 4 4 7
"121" 3 1 2 2
"122" 6 2 3 9
"123" 7 2 1 8
"124" 2 1 2 8
"125" 4 1 6 4
"126" 4 1 6 8
"127" 4 1 6 4
"128" 9 3 5 3
"129" 10 4 7 7
"130" 1 1 6 2
"131" 4 3 5 5
"132" 4 3 5 5
"133" 9 3 5 3
"134" 10 4 7 6
"135" 4 3 5 7
"136" 6 3 5 9
"137" 10 4 4 7
"138" 7 3 5 5
"139" 4 1 6 4
"140" 5 3 5 5
"141" 2 1 6 4
"142" 5 3 5 5
"143" 1 1 6 4
"144" 9 3 5 3
"145" 2 1 2 4
"146" 2 1 6 4
"147" 10 4 7 6
"148" 1 1 6 4
"149" 10 4 7 6
"150" 1 1 6 4
"151" 5 3 5 5
"152" 3 1 2 2
"153" 3 1 2 4
"154" 2 1 6 8
"155" 5 3 5 3
"156" 2 1 6 8
"157" 8 4 7 7
"158" 5 3 5 5
"159" 10 4 4 7
"160" 4 3 5 5
"161" 5 3 5 5
"162" 9 3 5 2
"163" 8 4 4 7
"164" 6 2 3 9
"165" 8 4 4 7
"166" 2 1 6 2
"167" 8 4 7 7
"168" 9 3 5 3
"169" 6 2 3 9
"170" 3 2 2 2
"171" 10 4 7 6
"172" 8 4 4 7
"173" 5 3 5 5
"174" 9 3 5 3
"175" 8 4 4 7
"176" 6 2 3 9
"177" 9 3 5 3
"178" 1 1 2 3
"179" 2 1 6 8
"180" 3 1 2 2
"181" 5 3 5 3
"182" 3 1 2 3
"183" 3 2 2 2
"184" 4 1 6 4
"185" 9 3 5 3
"186" 3 1 2 2
"187" 10 4 7 6
"188" 9 3 5 3
"189" 1 1 6 4
"190" 10 4 7 6
"191" 9 3 5 3
"192" 8 4 7 6
"193" 4 1 6 4
"194" 1 1 6 2
"195" 6 1 3 9
"196" 1 1 2 4
"197" 1 1 2 3
"198" 2 1 6 4
"199" 1 1 2 4
"200" 2 3 2 8
"201" 3 1 2 2
"202" 10 4 7 6
"203" 10 4 7 6
"204" 7 2 1 8
"205" 4 4 5 7
"206" 7 2 1 8
"207" 1 1 6 4
"208" 8 4 4 7
"209" 4 3 5 5
"210" 7 2 1 8
"211" 4 3 6 5
"212" 5 3 5 5
"213" 7 4 7 7
"214" 3 1 2 2
"215" 3 1 2 3
"216" 10 4 7 6
"217" 6 2 3 9
"218" 5 3 5 5
"219" 5 3 5 5
"220" 4 3 6 4
"221" 6 2 3 9
"222" 4 1 6 4
"223" 3 1 2 2
"224" 2 1 6 8
"225" 4 3 5 5
"226" 2 1 6 8
"227" 5 3 5 5
"228" 4 1 6 4
"229" 4 1 6 4
"230" 4 1 6 4
"231" 10 4 7 6
"232" 5 3 5 3
"233" 1 1 6 4
"234" 9 3 5 3
"235" 1 1 6 4
"236" 5 3 5 5
"237" 7 2 2 2
"238" 10 4 7 6
"239" 9 1 2 3
"240" 1 1 6 4
"241" 3 1 2 2
"242" 10 4 4 7
"243" 2 1 6 4
"244" 9 2 5 5
"245" 4 1 6 4
"246" 3 3 2 3
"247" 1 1 6 4
"248" 9 3 5 3
"249" 3 1 2 2
"250" 8 4 4 7
"251" 9 3 5 3
"252" 10 4 7 6
"253" 3 1 2 2
"254" 3 1 2 2
"255" 5 3 5 5
"256" 3 1 2 2
"257" 5 3 5 5
"258" 8 4 7 6
"259" 8 4 4 7
"260" 1 1 6 4
"261" 8 4 4 7
"262" 5 3 5 3
"263" 7 2 1 8
"264" 7 2 1 8
"265" 4 3 6 3
"266" 3 1 2 2
"267" 3 1 2 2
"268" 5 3 5 5
"269" 6 2 3 2
"270" 7 2 1 8
"271" 6 2 3 9
"272" 9 3 5 3
"273" 5 3 5 5
"274" 8 4 7 7
"275" 3 1 2 3
"276" 5 3 5 5
"277" 9 3 5 3
"278" 2 1 6 4
"279" 5 3 5 3
"280" 4 3 5 4
"281" 9 3 5 3
"282" 6 2 5 3
"283" 5 3 5 3
"284" 7 4 1 8
"285" 8 4 4 7
"286" 1 1 6 4
"287" 3 1 2 2
"288" 4 1 6 4
"289" 5 3 5 3
"290" 7 4 4 6
"291" 4 3 5 5
"292" 5 3 5 5
"293" 7 2 4 7
"294" 8 4 4 7
"295" 8 4 7 6
"296" 4 3 5 5
"297" 6 3 5 2
"298" 3 1 2 3
"299" 9 3 5 3
"300" 3 1 2 2
"301" 4 3 5 5
"302" 4 1 6 5
"303" 9 3 5 3
"304" 9 3 5 3
"305" 5 1 6 4
"306" 4 3 5 5
"307" 5 3 5 3
"308" 5 3 5 4
"309" 10 4 7 6
"310" 6 2 3 9
"311" 10 4 7 6
"312" 3 1 3 2
"313" 10 4 7 6
"314" 2 1 6 8
"315" 9 3 5 3
"316" 9 3 5 5
"317" 9 3 5 3
"318" 10 4 7 6
"319" 4 2 5 5
"320" 2 1 6 4
"321" 8 4 7 6
"322" 6 2 3 2
"323" 3 1 2 2
"324" 10 4 7 6
"325" 10 4 7 6
"326" 1 1 2 2
"327" 1 1 6 4
"328" 1 1 6 4
"329" 5 3 5 3
"330" 2 1 6 8
"331" 3 1 2 3
"332" 8 4 7 6
"333" 9 1 2 2
"334" 9 3 5 3
"335" 4 2 6 5
"336" 1 1 6 4
"337" 6 3 5 3
"338" 4 1 6 4
"339" 8 4 4 7
"340" 4 1 6 8
"341" 4 2 6 4
"342" 1 1 2 2
"343" 9 3 5 2
"344" 3 1 2 2
"345" 4 3 5 5
"346" 9 3 5 5
"347" 5 3 5 5
"348" 7 2 1 8
"349" 8 4 4 6
"350" 4 3 5 5
"351" 3 1 2 2
"352" 10 4 7 6
"353" 8 4 4 7
"354" 3 1 2 2
"355" 7 2 6 8
"356" 5 3 5 5
"357" 1 1 2 2
"358" 9 3 5 3
"359" 7 2 1 2
"360" 4 1 6 4
"361" 3 1 2 2
"362" 9 3 5 5
"363" 8 4 7 6
"364" 3 1 2 2
"365" 6 2 5 9
"366" 10 4 7 6
"367" 2 1 6 2
"368" 8 4 4 7
"369" 5 3 5 4
"370" 9 3 5 3
"371" 5 3 5 5
"372" 9 3 5 3
"373" 10 4 7 6
"374" 1 1 2 2
"375" 10 4 7 7
"376" 5 3 5 5
"377" 1 1 6 4
"378" 6 2 3 9
"379" 10 4 7 6
"380" 10 4 7 6
"381" 8 4 4 7
"382" 9 1 5 3
"383" 4 3 5 5
"384" 7 2 1 8
"385" 8 4 4 7
"386" 4 1 6 4
"387" 4 1 6 4
"388" 3 1 2 2
"389" 2 1 6 8
"390" 5 3 5 5
"391" 4 3 5 4
"392" 9 3 5 2
"393" 1 1 2 2
"394" 9 3 5 3
"395" 1 1 6 4
"396" 2 1 6 4
"397" 6 2 3 9
"398" 2 2 6 8
"399" 4 1 6 8
"400" 6 2 3 9
"401" 6 2 3 9
"402" 9 3 5 3
"403" 5 3 5 5
"404" 3 1 2 2
"405" 1 1 6 4
"406" 3 1 2 2
"407" 7 2 1 8
"408" 5 3 5 5
"409" 5 3 5 5
"410" 5 3 5 5
"411" 1 1 6 4
"412" 4 1 6 4
"413" 6 2 3 9
"414" 2 1 6 2
"415" 5 3 5 5
"416" 9 1 5 3
"417" 2 1 6 5
"418" 10 4 7 6
"419" 9 3 5 3
"420" 9 3 5 3
"421" 9 3 5 2
"422" 1 1 6 4
"423" 7 2 1 9
"424" 10 4 7 6
"425" 8 4 4 4
"426" 5 3 5 5
"427" 10 4 7 6
"428" 6 3 5 3
"429" 5 1 5 4
"430" 3 1 2 2
"431" 6 2 3 9
"432" 3 1 2 2
"433" 7 2 1 8
"434" 2 1 6 2
"435" 9 3 5 3
"436" 4 1 6 4
"437" 5 3 5 5
"438" 10 4 7 6
"439" 6 3 5 9
"440" 6 3 3 3
"441" 6 2 3 2
"442" 2 1 6 8
"443" 8 4 7 6
"444" 1 1 6 4
"445" 10 4 7 6
"446" 2 1 6 4
"447" 2 1 2 8
"448" 9 3 5 3
"449" 3 1 2 2
"450" 3 1 2 2
"451" 6 2 3 8
"452" 5 3 5 5
"453" 9 3 5 3
"454" 9 3 5 3
"455" 2 1 6 4
"456" 7 2 1 8
"457" 3 1 2 3
"458" 4 3 6 4
"459" 4 3 5 5
"460" 1 1 2 4
"461" 1 1 6 4
"462" 1 1 6 4
"463" 9 3 5 3
"464" 9 3 5 5
"465" 10 4 7 6
"466" 7 2 1 8
"467" 10 4 7 6
"468" 4 3 5 5
"469" 5 3 6 4
"470" 10 4 7 6
"471" 10 4 7 6
"472" 1 1 6 4
"473" 2 1 5 5
"474" 5 3 5 5
"475" 2 1 6 4
"476" 4 3 5 4
"477" 8 4 4 7
"478" 5 3 5 3
"479" 10 4 7 7
"480" 1 1 6 4
"481" 8 4 4 7
"482" 5 3 5 5
"483" 1 1 6 4
"484" 4 1 6 4
"485" 10 4 7 6
"486" 8 4 7 6
"487" 3 1 2 2
"488" 10 4 7 6
"489" 6 3 5 3
"490" 9 2 5 3
"491" 9 3 5 3
"492" 10 4 7 6
"493" 10 4 7 6
"494" 10 4 7 6
"495" 1 1 2 2
"496" 2 1 6 2
"497" 10 4 7 6
"498" 8 4 4 7
"499" 1 1 6 4
"500" 9 3 5 3
"501" 9 3 5 3
"502" 4 3 1 4
"503" 7 2 4 7
"504" 3 1 2 2
"505" 4 3 5 4
"506" 6 1 3 9
"507" 3 2 2 2
"508" 3 1 2 2
"509" 6 2 3 2
"510" 4 2 6 4
"511" 3 3 2 3
"512" 10 4 7 6
"513" 5 3 5 5
"514" 1 1 2 3
"515" 1 1 2 2
"516" 9 3 5 3
"517" 5 3 5 5
"518" 4 1 6 4
"519" 1 1 2 4
"520" 5 3 5 3
"521" 7 2 1 8
"522" 1 1 6 4
"523" 10 4 7 6
"524" 6 2 3 9
"525" 2 1 6 8
"526" 4 3 5 5
"527" 4 3 6 5
"528" 3 1 2 2
"529" 8 4 4 7
"530" 9 1 2 2
"531" 5 3 5 3
"532" 7 3 1 8
"533" 5 3 5 5
"534" 8 4 4 7
"535" 3 1 2 2
"536" 9 3 5 3
"537" 1 1 6 4
"538" 8 4 7 6
"539" 5 3 5 3
"540" 2 1 6 4
"541" 6 2 3 8
"542" 1 1 2 2
"543" 7 4 4 8
"544" 5 3 5 5
"545" 6 2 5 9
"546" 10 4 7 6
"547" 6 3 5 9
"548" 2 1 2 8
"549" 8 4 7 6
"550" 3 1 2 2
"551" 3 1 2 3
"552" 9 3 5 3
"553" 8 4 4 7
"554" 9 1 2 2
"555" 3 1 2 2
"556" 4 2 6 5
"557" 3 1 2 2
"558" 7 2 1 8
"559" 6 2 3 9
"560" 5 3 5 5
"561" 10 4 7 6
"562" 1 1 6 4
"563" 7 2 4 6
"564" 1 1 6 4
"565" 4 1 6 8
"566" 3 1 2 3
"567" 3 1 2 2
"568" 10 4 7 6
"569" 2 1 6 8
"570" 9 3 5 5
"571" 7 2 1 8
"572" 3 1 2 2
"573" 3 1 2 2
"574" 8 4 4 7
"575" 2 3 5 8
"576" 9 3 5 3
"577" 1 1 6 4
"578" 7 2 1 8
"579" 3 1 2 2
"580" 3 1 2 2
"581" 10 4 7 6
"582" 9 3 2 3
"583" 6 2 3 9
"584" 1 1 6 4
"585" 3 1 2 2
"586" 5 3 5 5
"587" 6 2 3 9
"588" 6 2 3 9
"589" 9 3 5 3
"590" 3 1 2 3
"591" 2 1 2 2
"592" 8 4 7 6
"593" 10 4 7 6
"594" 8 4 4 7
"595" 10 4 7 6
"596" 7 2 1 8
"597" 5 3 5 5
"598" 5 3 5 5
"599" 3 1 2 2
"600" 3 1 2 2
"601" 5 3 5 3
"602" 1 1 2 4
"603" 1 1 6 4
"604" 2 1 6 4
"605" 8 4 4 7
"606" 9 3 5 3
"607" 5 3 5 5
"608" 5 3 5 3
"609" 10 4 7 6
"610" 9 1 2 3
"611" 10 4 7 6
"612" 7 2 2 2
"613" 1 1 6 2
"614" 5 3 5 3
"615" 8 4 4 7
"616" 10 4 7 6
"617" 1 1 6 4
"618" 1 1 2 4
"619" 9 3 2 2
"620" 5 3 5 5
"621" 8 4 4 7
"622" 1 1 6 4
"623" 5 3 5 3
"624" 8 4 4 7
"625" 5 3 5 5
"626" 5 1 6 4
"627" 1 1 6 4
"628" 5 3 5 5
"629" 1 1 2 2
"630" 3 1 2 2
"631" 7 2 1 8
"632" 1 1 2 4
"633" 10 4 4 7
"634" 7 1 2 2
"635" 3 1 2 2
"636" 6 2 3 9
"637" 2 1 6 4
"638" 7 2 1 8
"639" 6 2 3 9
"640" 4 3 5 5
"641" 3 1 2 2
"642" 3 1 2 2
"643" 4 3 5 5
"644" 9 3 5 3
"645" 8 4 7 7
"646" 6 2 3 2
"647" 8 4 4 7
"648" 9 3 5 3
"649" 4 1 6 5
"650" 9 3 5 3
"651" 2 1 6 4
"652" 4 1 6 4
"653" 1 1 6 4
"654" 4 3 5 5
"655" 1 3 2 2
"656" 5 3 5 5
"657" 8 4 4 7
"658" 7 2 1 5
"659" 6 1 3 9
"660" 4 3 5 5
"661" 4 3 5 5
"662" 4 3 5 5
"663" 2 1 6 4
"664" 6 2 3 9
"665" 3 1 2 3
"666" 4 3 5 5
"667" 3 1 2 2
"668" 4 1 6 4
"669" 10 4 7 6
"670" 1 1 6 4
"671" 4 3 5 5
"672" 5 3 5 5
"673" 4 3 5 5
"674" 9 3 5 3
"675" 1 1 6 4
"676" 5 3 5 5
"677" 1 1 6 4
"678" 2 4 6 7
"679" 1 1 6 4
"680" 1 1 6 4
"681" 5 3 5 5
"682" 6 2 3 9
"683" 2 1 6 4
"684" 1 1 2 2
"685" 1 1 6 4
"686" 1 1 6 4
"687" 3 1 2 2
"688" 8 4 4 7
"689" 5 3 5 5
"690" 4 3 5 5
"691" 4 3 5 5
"692" 9 3 5 3
"693" 10 4 7 7
"694" 5 3 5 3
"695" 9 3 5 5
"696" 9 3 5 3
"697" 5 3 5 3
"698" 1 1 6 4
"699" 7 2 6 8
"700" 5 3 5 5
"701" 8 4 4 7
"702" 4 3 5 5
"703" 3 1 2 2
"704" 3 1 2 2
"705" 9 3 5 3
"706" 4 1 6 4
"707" 9 3 5 3
"708" 10 4 7 7
"709" 2 1 6 8
"710" 10 4 7 6
"711" 1 1 6 4
"712" 8 4 4 7
"713" 1 1 6 2
"714" 8 4 4 7
"715" 5 3 5 5
"716" 10 4 4 7
"717" 9 3 5 3
"718" 1 1 6 4
"719" 9 3 5 3
"720" 7 2 1 8
"721" 9 3 5 2
"722" 2 1 2 8
"723" 4 1 6 4
"724" 4 3 5 5
"725" 9 3 5 3
"726" 8 4 4 7
"727" 7 2 1 8
"728" 10 4 7 6
"729" 8 4 4 7
"730" 2 1 6 4
"731" 8 4 4 7
"732" 7 2 1 8
"733" 1 1 6 4
"734" 6 1 3 2
"735" 2 1 6 2
"736" 5 3 5 3
"737" 9 3 5 3
"738" 4 3 5 5
"739" 1 2 2 2
"740" 6 2 3 8
"741" 10 4 7 6
"742" 5 3 5 5
"743" 9 3 5 3
"744" 4 3 5 5
"745" 4 3 5 7
"746" 9 3 5 3
"747" 1 1 2 2
"748" 9 3 5 3
"749" 8 4 7 6
"750" 6 3 2 3
"751" 1 1 2 3
"752" 7 2 1 8
"753" 4 3 5 5
"754" 1 1 6 4
"755" 1 1 2 4
"756" 10 4 7 6
"757" 5 3 5 3
"758" 2 1 6 8
"759" 9 1 2 2
"760" 3 1 2 2
"761" 7 2 2 2
"762" 10 4 7 6
"763" 8 4 7 6
"764" 5 3 5 5
"765" 2 1 2 8
"766" 9 3 5 3
"767" 3 1 2 2
"768" 8 4 4 7
"769" 2 1 6 4
"770" 1 1 6 4
"771" 6 2 3 9
"772" 9 3 5 3
"773" 5 3 5 5
"774" 4 1 6 4
"775" 1 1 6 4
"776" 6 3 5 3
"777" 2 1 6 8
"778" 9 3 5 3
"779" 3 1 2 2
"780" 4 3 5 5
"781" 9 3 5 3
"782" 9 3 5 3
"783" 7 2 6 8
"784" 1 1 6 4
"785" 2 1 6 4
"786" 10 4 7 6
"787" 9 3 5 3
"788" 9 3 5 3
"789" 10 4 7 6
"790" 5 3 5 4
"791" 10 4 7 6
"792" 10 4 7 6
"793" 5 3 5 5
"794" 9 3 2 3
"795" 4 3 5 4
"796" 7 2 1 8
"797" 7 1 6 2
"798" 4 3 1 5
"799" 6 2 3 9
"800" 3 1 2 2
"801" 7 2 5 8
"802" 8 4 7 6
"803" 8 4 4 7
"804" 1 1 6 4
"805" 1 1 6 4
"806" 3 1 2 2
"807" 9 1 2 2
"808" 9 3 5 3
"809" 9 3 5 3
"810" 4 2 6 4
"811" 3 1 2 2
"812" 1 1 2 4
"813" 3 1 2 2
"814" 3 1 2 2
"815" 4 1 6 4
"816" 1 1 2 2
"817" 9 3 5 3
"818" 9 3 2 3
"819" 10 4 7 6
"820" 1 1 6 4
"821" 10 4 4 7
"822" 9 3 5 3
"823" 4 3 5 5
"824" 1 1 2 2
"825" 9 3 3 3
"826" 2 1 2 8
"827" 8 4 4 7
"828" 5 3 5 3
"829" 2 1 2 8
"830" 9 3 5 3
"831" 3 1 2 2
"832" 2 1 6 4
"833" 9 3 5 3
"834" 3 1 2 3
"835" 9 3 2 3
"836" 9 3 2 3
"837" 2 1 6 8
"838" 6 3 5 3
"839" 3 1 2 2
"840" 6 2 3 9
"841" 5 1 5 3
"842" 10 4 7 6
"843" 5 3 5 5
"844" 5 3 5 3
"845" 4 1 6 4
"846" 9 3 5 3
"847" 3 1 2 3
"848" 5 3 5 5
"849" 1 1 2 2
"850" 6 2 3 9
"851" 6 2 3 9
"852" 3 1 2 2
"853" 2 1 6 4
"854" 9 1 2 2
"855" 1 1 2 2
"856" 10 4 7 6
"857" 10 4 7 6
"858" 4 1 6 4
"859" 1 1 6 4
"860" 8 4 7 6
"861" 2 1 6 8
"862" 9 3 5 3
"863" 3 1 2 2
"864" 3 1 2 2
"865" 9 3 5 3
"866" 10 4 7 6
"867" 6 3 3 2
"868" 4 3 1 5
"869" 8 4 4 7
"870" 3 3 5 2
"871" 3 1 2 2
"872" 6 2 3 9
"873" 9 3 5 3
"874" 9 3 5 3
"875" 1 1 2 4
"876" 3 1 2 2
"877" 9 3 5 3
"878" 2 1 2 2
"879" 9 3 5 3
"880" 3 1 2 2
"881" 8 4 4 7
"882" 6 2 3 9
"883" 4 1 1 4
"884" 5 3 5 5
"885" 2 1 6 3
"886" 1 1 2 4
"887" 4 3 5 5
"888" 7 2 1 5
"889" 9 3 5 3
"890" 6 2 3 9
"891" 5 1 6 4
"892" 1 1 6 4
"893" 9 3 5 3
"894" 6 2 3 8
"895" 8 4 7 6
"896" 6 2 3 2
"897" 3 1 2 2
"898" 6 2 3 9
"899" 5 3 5 5
"900" 9 3 5 3
"901" 1 1 6 4
"902" 6 2 3 9
"903" 9 3 5 3
"904" 4 1 6 3
"905" 7 2 1 8
"906" 6 2 3 9
"907" 10 4 7 6
"908" 8 4 4 7
"909" 9 3 5 5
"910" 9 3 5 3
"911" 3 1 2 2
"912" 1 1 6 4
"913" 3 1 2 2
"914" 10 4 7 7
"915" 7 2 6 8
"916" 1 1 6 4
"917" 5 3 5 5
"918" 4 3 6 5
"919" 9 3 5 3
"920" 9 3 5 3
"921" 3 1 2 2
"922" 4 3 1 5
"923" 10 4 7 6
"924" 4 3 5 5
"925" 7 2 4 4
"926" 1 1 2 4
"927" 9 3 5 3
"928" 10 4 7 6
"929" 3 1 2 2
"930" 5 3 5 3
"931" 1 1 6 4
"932" 8 4 7 6
"933" 5 3 5 5
"934" 10 4 7 6
"935" 6 2 3 9
"936" 7 2 2 2
"937" 2 1 6 4
"938" 3 1 2 2
"939" 9 3 5 3
"940" 9 3 2 2
"941" 10 4 7 7
"942" 9 3 5 3
"943" 8 4 4 7
"944" 8 4 7 6
"945" 3 1 2 2
"946" 1 1 6 4
"947" 1 1 6 4
"948" 1 1 6 4
"949" 5 3 5 4
"950" 2 1 6 8
"951" 6 2 3 8
"952" 3 2 2 2
"953" 3 1 6 2
"954" 2 1 6 4
"955" 5 3 5 5
"956" 9 3 5 3
"957" 9 3 5 3
"958" 10 4 7 7
"959" 9 3 5 3
"960" 4 1 6 5
"961" 5 3 5 5
"962" 4 1 6 4
"963" 9 3 5 3
"964" 3 1 2 2
"965" 8 4 4 7
"966" 3 1 2 2
"967" 10 4 7 6
"968" 1 1 2 3
"969" 4 3 5 5
"970" 7 4 4 7
"971" 9 3 5 3
"972" 8 4 4 7
"973" 3 2 2 2
"974" 4 1 6 4
"975" 3 1 2 2
"976" 3 2 2 2
"977" 5 3 5 5
"978" 9 3 5 3
"979" 6 2 3 9
"980" 8 4 4 7
"981" 1 1 2 2
"982" 8 4 4 7
"983" 8 4 4 7
"984" 1 1 6 4
"985" 8 4 7 7
"986" 3 1 2 2
"987" 2 1 6 8
"988" 10 4 7 6
"989" 9 3 5 3
"990" 10 4 7 6
"991" 1 1 6 4
"992" 5 3 5 5
"993" 4 3 5 5
"994" 6 1 3 9
"995" 3 1 2 2
"996" 1 1 6 2
"997" 1 1 2 3
"998" 8 4 4 7
"999" 4 1 6 5
"1000" 1 1 6 4
"1001" 3 1 2 2
"1002" 8 4 4 6
"1003" 2 1 6 8
"1004" 3 1 2 2
"1005" 8 4 4 7
"1006" 3 1 2 2
"1007" 5 3 5 5
"1008" 7 2 1 8
"1009" 10 4 7 6
"1010" 4 3 5 4
"1011" 1 1 2 4
"1012" 3 1 2 2
"1013" 9 3 5 3
"1014" 8 4 4 7
"1015" 1 1 6 4
"1016" 3 1 2 2
"1017" 1 1 2 2
"1018" 3 1 2 2
"1019" 7 2 1 8
"1020" 1 1 6 4
"1021" 3 1 2 2
"1022" 3 1 2 2
"1023" 5 3 5 3
"1024" 2 1 6 4
"1025" 2 1 2 8
"1026" 10 4 4 7
"1027" 5 1 6 4
"1028" 4 3 5 5
"1029" 4 2 6 5
"1030" 6 2 3 9
"1031" 3 1 2 2
"1032" 8 4 4 7
"1033" 4 1 6 4
"1034" 10 4 7 6
"1035" 4 2 1 4
"1036" 4 1 6 4
"1037" 9 3 5 3
"1038" 8 4 4 7
"1039" 2 1 2 8
"1040" 8 4 7 6
"1041" 1 1 2 2
"1042" 3 2 2 2
"1043" 8 4 4 7
"1044" 9 3 2 3
"1045" 8 4 4 7
"1046" 8 4 4 7
"1047" 3 1 2 2
"1048" 3 1 2 2
"1049" 5 3 5 3
"1050" 10 4 7 6
"1051" 3 1 2 2
"1052" 5 3 5 5
"1053" 3 1 2 2
"1054" 8 4 4 7
"1055" 9 3 5 3
"1056" 9 3 2 2
"1057" 5 3 5 5
"1058" 3 1 2 2
"1059" 9 3 5 3
"1060" 5 3 5 3
"1061" 5 3 5 5
"1062" 1 2 6 2
"1063" 5 3 5 5
"1064" 3 1 2 2
"1065" 9 3 5 3
"1066" 4 1 6 4
"1067" 1 1 2 3
"1068" 3 1 2 2
"1069" 3 1 2 2
"1070" 6 2 3 9
"1071" 9 3 5 3
"1072" 3 1 2 2
"1073" 5 3 5 5
"1074" 1 1 6 4
"1075" 4 1 6 4
"1076" 1 1 6 4
"1077" 5 3 5 5
"1078" 7 2 3 9
"1079" 7 3 5 5
"1080" 9 3 2 3
"1081" 1 1 6 4
"1082" 10 4 7 6
"1083" 2 1 6 8
"1084" 3 1 2 2
"1085" 3 1 2 2
"1086" 9 3 2 3
"1087" 9 3 5 3
"1088" 9 3 5 3
"1089" 1 1 6 4
"1090" 3 1 2 2
"1091" 3 1 2 2
"1092" 8 4 4 7
"1093" 1 1 2 2
"1094" 3 1 2 2
"1095" 9 3 5 3
"1096" 10 4 7 7
"1097" 2 1 6 8
"1098" 9 3 5 3
"1099" 6 3 5 9
"1100" 8 4 7 6
"1101" 1 1 6 4
"1102" 2 1 6 4
"1103" 3 1 2 3
"1104" 2 1 6 4
"1105" 1 1 2 2
"1106" 4 1 6 8
"1107" 1 1 2 2
"1108" 3 1 2 2
"1109" 1 1 6 4
"1110" 7 2 1 8
"1111" 3 2 2 2
"1112" 5 3 5 5
"1113" 9 3 5 3
"1114" 8 4 7 6
"1115" 4 1 6 8
"1116" 9 3 5 3
"1117" 1 1 6 4
"1118" 8 4 4 7
"1119" 5 3 5 5
"1120" 9 1 2 2
"1121" 2 1 6 5
"1122" 9 3 5 3
"1123" 8 4 7 7
"1124" 3 1 2 2
"1125" 1 1 6 4
"1126" 7 2 1 5
"1127" 6 2 3 2
"1128" 4 3 5 5
"1129" 2 1 6 5
"1130" 2 3 2 8
"1131" 6 3 3 9
"1132" 2 1 6 4
"1133" 1 1 6 2
"1134" 1 1 6 4
"1135" 8 4 4 7
"1136" 1 1 2 4
"1137" 1 1 2 3
"1138" 1 1 2 4
"1139" 3 1 2 2
"1140" 9 3 5 5
"1141" 3 1 2 2
"1142" 7 2 1 8
"1143" 5 3 5 5
"1144" 6 2 3 9
"1145" 5 3 5 5
"1146" 7 1 6 8
"1147" 3 1 2 2
"1148" 2 1 6 8
"1149" 10 4 7 6
"1150" 2 1 6 4
"1151" 2 1 6 4
"1152" 4 3 5 5
"1153" 1 1 6 4
"1154" 7 2 6 8
"1155" 3 1 2 2
"1156" 9 3 3 3
"1157" 10 4 7 6
"1158" 4 1 6 4
"1159" 9 3 5 3
"1160" 9 3 5 3
"1161" 10 4 7 6
"1162" 4 1 6 4
"1163" 1 1 6 4
"1164" 9 3 5 3
"1165" 7 2 5 8
"1166" 3 1 2 2
"1167" 3 1 2 2
"1168" 3 1 2 2
"1169" 6 2 3 9
"1170" 3 1 2 2
"1171" 8 4 4 7
"1172" 3 1 2 2
"1173" 10 4 7 6
"1174" 4 1 6 8
"1175" 10 4 7 6
"1176" 1 1 6 2
"1177" 9 3 5 3
"1178" 10 4 7 6
"1179" 6 1 2 9
"1180" 9 3 5 3
"1181" 2 1 6 4
"1182" 3 2 2 2
"1183" 2 1 6 5
"1184" 2 1 6 5
"1185" 9 3 5 5
"1186" 3 1 2 2
"1187" 9 3 5 5
"1188" 8 2 4 7
"1189" 3 1 2 2
"1190" 4 2 6 5
"1191" 7 3 5 5
"1192" 3 1 2 2
"1193" 2 1 6 8
"1194" 9 3 5 3
"1195" 10 4 7 6
"1196" 9 3 5 3
"1197" 3 1 2 2
"1198" 9 3 5 3
"1199" 9 3 5 3
"1200" 9 3 2 3
"1201" 5 3 5 5
"1202" 2 3 5 5
"1203" 6 2 3 9
"1204" 4 1 6 4
"1205" 9 3 5 3
"1206" 2 1 2 5
"1207" 4 3 5 5
"1208" 3 1 3 2
"1209" 10 4 7 6
"1210" 1 1 2 3
"1211" 9 3 5 3
"1212" 1 1 2 4
"1213" 8 4 7 6
"1214" 2 1 6 8
"1215" 2 1 2 2
"1216" 7 2 1 7
"1217" 5 3 5 3
"1218" 9 3 5 3
"1219" 10 4 7 6
"1220" 3 2 2 2
"1221" 9 1 2 3
"1222" 3 1 2 2
"1223" 8 4 4 7
"1224" 9 3 5 5
"1225" 1 1 2 2
"1226" 3 1 2 3
"1227" 4 1 6 4
"1228" 1 1 6 4
"1229" 4 1 6 4
"1230" 9 3 5 3
"1231" 8 4 7 6
"1232" 4 1 6 4
"1233" 6 2 3 9
"1234" 5 3 5 3
"1235" 9 3 5 3
"1236" 10 4 7 6
"1237" 9 3 5 2
"1238" 10 4 7 6
"1239" 9 3 5 3
"1240" 3 1 2 2
"1241" 3 1 2 2
"1242" 10 4 7 6
"1243" 1 1 6 4
"1244" 2 1 6 5
"1245" 1 1 2 2
"1246" 7 2 1 8
"1247" 9 3 5 3
"1248" 5 3 5 5
"1249" 1 1 2 2
"1250" 6 2 3 9
"1251" 10 4 7 6
"1252" 3 1 2 2
"1253" 3 1 2 2
"1254" 2 1 6 2
"1255" 1 1 6 2
"1256" 3 1 2 2
"1257" 5 3 5 5
"1258" 8 4 7 6
"1259" 8 4 4 7
"1260" 1 1 6 4
"1261" 9 3 5 5
"1262" 10 4 4 7
"1263" 4 1 6 4
"1264" 8 4 4 7
"1265" 5 3 5 5
"1266" 3 1 2 2
"1267" 1 1 2 2
"1268" 1 1 2 2
"1269" 6 2 3 8
"1270" 3 1 2 2
"1271" 2 1 6 8
"1272" 10 4 7 6
"1273" 5 3 5 5
"1274" 1 1 2 2
"1275" 9 3 5 3
"1276" 1 1 6 4
"1277" 1 1 2 4
"1278" 8 4 4 7
"1279" 4 1 6 4
"1280" 1 1 6 4
"1281" 10 4 7 6
"1282" 10 4 7 7
"1283" 2 1 6 8
"1284" 1 1 2 2
"1285" 8 4 1 7
"1286" 4 1 6 4
"1287" 1 1 6 4
"1288" 8 4 4 7
"1289" 9 3 5 3
"1290" 6 1 3 2
"1291" 2 1 2 8
"1292" 1 1 6 2
"1293" 9 3 5 3
"1294" 2 1 6 2
"1295" 4 3 5 5
"1296" 2 1 6 4
"1297" 2 1 6 5
"1298" 4 1 6 4
"1299" 9 3 5 3
"1300" 7 2 6 4
"1301" 6 2 3 9
"1302" 5 3 5 3
"1303" 8 4 7 6
"1304" 4 2 6 5
"1305" 1 1 6 4
"1306" 8 4 7 6
"1307" 1 1 2 2
"1308" 3 1 2 2
"1309" 2 1 6 4
"1310" 5 3 5 3
"1311" 8 4 4 7
"1312" 1 1 2 4
"1313" 8 4 4 7
"1314" 3 1 2 2
"1315" 9 3 5 3
"1316" 10 4 7 7
"1317" 2 1 6 4
"1318" 10 4 7 6
"1319" 10 4 7 6
"1320" 8 4 4 7
"1321" 9 3 5 3
"1322" 5 3 5 3
"1323" 5 3 5 4
"1324" 2 1 6 8
"1325" 3 1 2 2
"1326" 7 2 1 8
"1327" 1 1 6 4
"1328" 9 3 5 3
"1329" 8 4 1 7
"1330" 1 1 6 4
"1331" 5 3 5 5
"1332" 9 3 5 3
"1333" 3 1 2 2
"1334" 9 3 5 3
"1335" 3 1 2 2
"1336" 3 1 2 2
"1337" 1 1 2 3
"1338" 6 2 3 9
"1339" 1 1 6 4
"1340" 4 1 6 4
"1341" 8 4 4 7
"1342" 8 4 4 7
"1343" 10 4 7 6
"1344" 6 2 3 9
"1345" 1 1 6 4
"1346" 5 1 6 4
"1347" 9 3 5 3
"1348" 7 2 1 8
"1349" 10 4 7 6
"1350" 6 2 3 2
"1351" 7 2 1 8
"1352" 10 4 7 6
"1353" 8 4 4 6
"1354" 1 1 2 4
"1355" 10 4 7 6
"1356" 8 4 1 5
"1357" 4 3 5 5
"1358" 2 1 6 8
"1359" 3 1 2 2
"1360" 2 1 6 8
"1361" 2 1 2 2
"1362" 1 1 6 4
"1363" 5 3 5 5
"1364" 3 1 2 2
"1365" 9 3 5 3
"1366" 9 3 5 5
"1367" 3 1 2 2
"1368" 9 3 2 3
"1369" 7 2 1 8
"1370" 2 1 6 8
"1371" 2 1 6 4
"1372" 6 2 2 2
"1373" 1 1 6 4
"1374" 8 4 7 7
"1375" 5 3 5 5
"1376" 1 1 2 4
"1377" 10 4 7 7
"1378" 6 2 3 8
"1379" 3 1 2 2
"1380" 4 1 6 4
"1381" 9 3 5 3
"1382" 4 1 6 8
"1383" 4 1 6 4
"1384" 6 2 5 5
"1385" 5 3 5 3
"1386" 5 3 5 5
"1387" 9 3 5 3
"1388" 10 4 7 6
"1389" 10 4 7 6
"1390" 3 1 2 2
"1391" 8 4 4 7
"1392" 1 1 6 2
"1393" 5 3 5 5
"1394" 5 1 6 8
"1395" 3 1 2 2
"1396" 6 2 5 5
"1397" 9 3 5 5
"1398" 6 2 3 9
"1399" 3 1 2 2
"1400" 2 1 6 2
"1401" 3 1 2 2
"1402" 7 2 6 8
"1403" 5 3 5 5
"1404" 3 1 2 2
"1405" 3 1 2 2
"1406" 7 2 1 8
"1407" 3 1 2 2
"1408" 2 1 6 4
"1409" 6 2 3 2
"1410" 5 3 5 3
"1411" 1 1 6 2
"1412" 10 4 7 6
"1413" 8 4 4 7
"1414" 4 1 6 4
"1415" 3 2 2 2
"1416" 3 1 2 2
"1417" 2 1 6 4
"1418" 8 4 7 6
"1419" 9 3 5 2
"1420" 8 4 7 6
"1421" 8 4 4 7
"1422" 7 2 1 8
"1423" 9 1 2 3
"1424" 2 1 6 8
"1425" 3 1 2 2
"1426" 5 3 5 5
"1427" 7 3 1 5
"1428" 9 3 5 3
"1429" 9 3 2 3
"1430" 6 2 3 9
"1431" 1 1 6 4
"1432" 7 4 6 7
"1433" 8 4 4 7
"1434" 9 1 2 3
"1435" 5 3 5 3
"1436" 5 3 5 5
"1437" 9 3 5 3
"1438" 3 1 2 2
"1439" 3 3 2 2
"1440" 3 1 2 2
"1441" 9 3 5 3
"1442" 7 2 1 7
"1443" 5 3 5 5
"1444" 1 1 6 2
"1445" 4 1 6 7
"1446" 6 2 3 9
"1447" 8 4 4 7
"1448" 1 1 6 4
"1449" 9 3 5 3
"1450" 4 1 6 4
"1451" 1 1 2 3
"1452" 9 3 5 3
"1453" 1 1 6 4
"1454" 8 4 4 7
"1455" 1 1 2 4
"1456" 2 1 6 8
"1457" 7 2 6 8
"1458" 10 4 7 7
"1459" 9 3 5 5
"1460" 3 1 2 2
"1461" 1 1 2 4
"1462" 1 1 2 2
"1463" 2 1 6 8
"1464" 10 4 7 6
"1465" 6 2 5 3
"1466" 9 3 5 3
"1467" 10 4 4 7
"1468" 6 2 3 2
"1469" 2 1 6 2
"1470" 3 1 2 2
"1471" 6 1 3 9
"1472" 4 1 6 4
"1473" 2 3 2 8
"1474" 8 4 4 7
"1475" 3 1 2 2
"1476" 3 1 2 2
"1477" 4 3 5 5
"1478" 10 4 7 6
"1479" 5 1 5 3
"1480" 10 4 7 7
"1481" 4 3 5 5
"1482" 3 1 2 2
"1483" 8 4 4 7
"1484" 1 1 2 2
"1485" 8 4 4 7
"1486" 7 1 6 4
"1487" 4 1 6 4
"1488" 4 1 6 4
"1489" 6 2 3 2
"1490" 10 4 7 6
"1491" 9 3 5 3
"1492" 9 3 5 3
"1493" 10 4 7 6
"1494" 2 1 6 4
"1495" 10 4 4 7
"1496" 9 1 2 2
"1497" 9 3 5 3
"1498" 5 3 5 5
"1499" 3 1 2 3
"1500" 8 4 4 7
"1501" 4 4 5 7
"1502" 8 4 4 7
"1503" 9 3 5 3
"1504" 5 3 5 5
"1505" 7 2 1 8
"1506" 9 3 5 3
"1507" 8 4 7 6
"1508" 3 1 2 2
"1509" 4 3 5 4
"1510" 2 1 6 8
"1511" 3 1 2 2
"1512" 1 1 2 2
"1513" 4 1 6 4
"1514" 8 4 7 6
"1515" 6 2 3 2
"1516" 4 1 6 4
"1517" 4 4 1 4
"1518" 10 4 7 6
"1519" 1 1 6 4
"1520" 4 1 6 4
"1521" 1 1 6 4
"1522" 9 3 5 3
"1523" 10 4 7 6
"1524" 7 2 1 8
"1525" 6 2 3 9
"1526" 2 3 5 5
"1527" 1 1 2 3
"1528" 3 1 2 2
"1529" 10 4 7 6
"1530" 3 2 3 2
"1531" 9 3 5 3
"1532" 10 4 7 6
"1533" 1 1 6 4
"1534" 9 3 5 3
"1535" 2 1 6 8
"1536" 7 2 1 8
"1537" 3 1 2 2
"1538" 3 1 2 2
"1539" 10 4 7 6
"1540" 1 1 6 4
"1541" 10 4 7 6
"1542" 2 1 6 8
"1543" 1 1 6 4
"1544" 9 3 5 3
"1545" 3 1 2 2
"1546" 5 3 5 3
"1547" 4 1 6 4
"1548" 3 1 2 2
"1549" 7 2 6 2
"1550" 9 3 5 3
"1551" 3 1 2 2
"1552" 5 3 5 5
"1553" 3 1 2 2
"1554" 5 3 5 3
"1555" 4 3 5 5
"1556" 5 3 5 5
"1557" 1 1 2 4
"1558" 7 2 1 4
"1559" 2 1 6 4
"1560" 7 2 1 8
"1561" 1 1 6 2
"1562" 1 1 2 2
"1563" 10 4 7 6
"1564" 5 3 5 3
"1565" 9 3 5 3
"1566" 2 1 6 8
"1567" 8 4 4 7
"1568" 9 3 5 3
"1569" 4 1 6 5
"1570" 3 1 2 2
"1571" 4 2 6 5
"1572" 7 2 1 8
"1573" 9 3 5 3
"1574" 4 1 6 4
"1575" 10 4 7 6
"1576" 5 3 5 5
"1577" 9 3 5 5
"1578" 4 3 5 5
"1579" 4 3 5 5
"1580" 2 1 6 8
"1581" 3 1 2 2
"1582" 1 1 2 4
"1583" 3 1 2 3
"1584" 10 4 4 7
"1585" 4 3 5 5
"1586" 1 1 6 2
"1587" 9 3 5 3
"1588" 10 4 4 7
"1589" 8 4 4 8
"1590" 1 1 6 4
"1591" 6 2 3 9
"1592" 6 2 3 9
"1593" 8 4 7 6
"1594" 9 3 5 3
"1595" 9 3 5 3
"1596" 6 2 3 8
"1597" 6 1 3 2
"1598" 2 1 6 4
"1599" 1 1 2 2
"1600" 1 1 6 2
"1601" 10 4 7 6
"1602" 4 3 5 4
"1603" 10 4 7 6
"1604" 4 1 6 4
"1605" 3 1 2 2
"1606" 10 4 7 6
"1607" 10 4 7 7
"1608" 9 3 2 3
"1609" 9 3 5 3
"1610" 4 3 6 4
"1611" 5 3 5 5
"1612" 7 2 1 8
"1613" 4 1 6 4
"1614" 6 2 3 9
"1615" 10 4 7 7
"1616" 3 1 2 2
"1617" 4 1 6 4
"1618" 1 1 2 4
"1619" 5 3 5 3
"1620" 8 4 7 6
"1621" 8 4 4 7
"1622" 1 1 6 4
"1623" 8 4 4 7
"1624" 9 3 5 3
"1625" 9 3 5 3
"1626" 1 1 2 4
"1627" 9 3 5 3
"1628" 3 1 3 2
"1629" 2 1 2 2
"1630" 9 3 5 3
"1631" 4 3 5 5
"1632" 9 3 2 3
"1633" 3 1 2 3
"1634" 4 3 5 5
"1635" 9 3 5 3
"1636" 1 1 6 4
"1637" 8 4 4 7
"1638" 3 1 2 2
"1639" 10 4 7 6
"1640" 5 3 5 5
"1641" 2 1 2 8
"1642" 9 3 5 2
"1643" 1 1 2 2
"1644" 10 4 7 6
"1645" 9 3 5 3
"1646" 4 3 5 5
"1647" 9 3 5 3
"1648" 2 1 6 8
"1649" 5 3 5 5
"1650" 10 4 7 6
"1651" 8 4 4 7
"1652" 10 4 4 7
"1653" 1 1 2 3
"1654" 1 1 6 4
"1655" 3 1 2 2
"1656" 3 1 2 2
"1657" 5 3 5 4
"1658" 3 1 2 2
"1659" 8 4 4 7
"1660" 1 1 6 4
"1661" 9 3 5 3
"1662" 6 2 3 9
"1663" 7 2 6 8
"1664" 6 2 3 9
"1665" 4 1 6 5
"1666" 9 3 5 3
"1667" 5 3 6 5
"1668" 1 1 2 2
"1669" 3 1 2 2
"1670" 10 4 7 6
"1671" 6 2 3 9
"1672" 5 3 5 5
"1673" 7 2 1 8
"1674" 8 4 7 6
"1675" 3 1 2 3
"1676" 1 1 6 2
"1677" 9 3 5 3
"1678" 7 1 6 4
"1679" 5 3 5 5
"1680" 8 4 4 7
"1681" 1 1 6 2
"1682" 3 1 2 2
"1683" 10 4 7 7
"1684" 3 1 2 2
"1685" 2 1 6 4
"1686" 3 1 2 2
"1687" 1 1 6 4
"1688" 10 4 7 6
"1689" 5 1 5 4
"1690" 5 3 5 5
"1691" 10 4 7 6
"1692" 6 2 5 9
"1693" 6 2 3 9
"1694" 4 3 5 5
"1695" 10 4 7 6
"1696" 3 1 2 2
"1697" 4 1 6 4
"1698" 8 4 7 6
"1699" 9 3 5 3
"1700" 4 1 6 4
"1701" 7 4 4 7
"1702" 8 4 7 6
"1703" 8 4 7 6
"1704" 3 1 2 2
"1705" 3 1 2 3
"1706" 6 2 3 9
"1707" 5 1 6 4
"1708" 4 1 6 5
"1709" 8 4 4 7
"1710" 8 4 4 7
"1711" 1 1 6 4
"1712" 7 2 1 5
"1713" 3 1 2 2
"1714" 6 2 3 9
"1715" 1 1 2 4
"1716" 4 1 6 4
"1717" 6 2 2 2
"1718" 5 1 6 4
"1719" 4 3 5 5
"1720" 5 3 5 5
"1721" 5 1 6 4
"1722" 7 2 1 8
"1723" 7 2 1 5
"1724" 6 2 3 9
"1725" 5 3 5 5
"1726" 9 3 5 3
"1727" 3 1 2 2
"1728" 2 1 6 8
"1729" 8 4 7 6
"1730" 5 1 6 5
"1731" 3 1 2 2
"1732" 10 4 7 6
"1733" 9 1 2 3
"1734" 8 4 4 7
"1735" 8 4 7 6
"1736" 2 2 2 8
"1737" 3 1 2 2
"1738" 5 3 5 5
"1739" 8 4 4 7
"1740" 2 3 5 5
"1741" 2 1 2 2
"1742" 1 1 2 2
"1743" 3 1 2 2
"1744" 2 1 6 8
"1745" 9 3 5 3
"1746" 1 1 2 4
"1747" 2 1 6 8
"1748" 6 2 3 8
"1749" 9 1 2 3
"1750" 3 1 2 3
"1751" 8 4 4 7
"1752" 1 1 6 4
"1753" 4 3 5 5
"1754" 6 2 3 9
"1755" 7 2 5 5
"1756" 5 3 5 5
"1757" 1 1 2 4
"1758" 9 3 5 3
"1759" 1 1 6 3
"1760" 2 3 5 5
"1761" 6 2 3 9
"1762" 10 4 7 6
"1763" 3 1 2 2
"1764" 6 2 3 9
"1765" 3 1 2 2
"1766" 4 3 5 5
"1767" 8 2 1 8
"1768" 7 2 6 8
"1769" 10 4 7 6
"1770" 2 1 6 8
"1771" 4 2 6 5
"1772" 8 4 4 7
"1773" 5 1 6 3
"1774" 4 1 6 4
"1775" 3 1 2 2
"1776" 4 1 6 8
"1777" 5 3 6 4
"1778" 9 3 5 3
"1779" 9 3 5 3
"1780" 10 4 7 6
"1781" 1 1 2 3
"1782" 2 1 6 4
"1783" 6 2 3 9
"1784" 3 1 3 2
"1785" 7 2 1 8
"1786" 3 1 2 2
"1787" 4 3 5 4
"1788" 1 1 2 3
"1789" 4 1 6 4
"1790" 1 1 6 4
"1791" 7 2 6 8
"1792" 8 4 4 7
"1793" 2 1 6 5
"1794" 5 3 5 5
"1795" 1 1 6 4
"1796" 1 1 6 2
"1797" 9 3 5 3
"1798" 1 1 6 4
"1799" 3 1 2 2
"1800" 8 4 4 7
"1801" 9 3 5 3
"1802" 5 3 6 4
"1803" 2 1 6 8
"1804" 4 3 5 5
"1805" 8 4 7 6
"1806" 9 3 5 3
"1807" 2 1 6 4
"1808" 6 3 3 9
"1809" 10 4 7 6
"1810" 3 1 2 2
"1811" 9 3 5 3
"1812" 2 1 6 5
"1813" 10 4 7 6
"1814" 9 3 5 3
"1815" 3 1 2 2
"1816" 8 4 4 4
"1817" 4 3 5 5
"1818" 4 3 5 5
"1819" 5 3 5 3
"1820" 8 4 4 7
"1821" 6 2 3 9
"1822" 4 1 6 4
"1823" 6 2 3 9
"1824" 8 4 7 7
"1825" 1 1 2 3
"1826" 7 2 1 9
"1827" 9 3 5 3
"1828" 9 3 5 3
"1829" 1 1 6 4
"1830" 2 1 6 4
"1831" 8 4 4 7
"1832" 3 1 2 2
"1833" 4 3 5 5
"1834" 5 3 5 3
"1835" 9 1 2 3
"1836" 1 1 2 4
"1837" 6 2 3 9
"1838" 9 3 5 3
"1839" 4 3 5 5
"1840" 4 3 5 5
"1841" 7 3 2 8
"1842" 10 4 7 6
"1843" 9 3 5 3
"1844" 6 2 3 5
"1845" 2 1 6 4
"1846" 8 4 4 7
"1847" 4 1 6 4
"1848" 7 2 1 8
"1849" 4 1 6 4
"1850" 1 1 6 4
"1851" 4 1 6 4
"1852" 4 3 5 5
"1853" 5 3 5 5
"1854" 9 3 5 3
"1855" 10 4 7 6
"1856" 3 1 2 2
"1857" 6 2 3 2
"1858" 5 3 5 3
"1859" 9 3 5 3
"1860" 3 1 2 3
"1861" 9 3 5 3
"1862" 5 3 5 5
"1863" 10 4 4 7
"1864" 10 4 4 7
"1865" 1 1 6 4
"1866" 3 1 2 2
"1867" 9 3 5 3
"1868" 8 4 4 7
"1869" 2 1 2 8
"1870" 9 3 5 3
"1871" 10 4 7 6
"1872" 9 3 5 3
"1873" 2 1 6 8
"1874" 10 4 7 6
"1875" 6 2 3 9
"1876" 1 1 6 4
"1877" 10 4 7 6
"1878" 3 1 2 2
"1879" 8 4 4 7
"1880" 3 1 2 2
"1881" 9 3 5 3
"1882" 9 3 5 3
"1883" 10 4 4 7
"1884" 6 1 2 3
"1885" 4 3 5 4
"1886" 6 3 5 9
"1887" 8 4 7 6
"1888" 4 3 5 5
"1889" 8 4 7 6
"1890" 8 4 4 7
"1891" 5 3 5 5
"1892" 5 3 5 5
"1893" 10 4 7 7
"1894" 3 1 2 2
"1895" 1 1 6 4
"1896" 6 2 3 2
"1897" 8 4 4 7
"1898" 8 4 4 7
"1899" 10 4 4 7
"1900" 3 2 2 2
"1901" 4 1 6 4
"1902" 1 1 2 2
"1903" 2 1 2 5
"1904" 5 3 5 3
"1905" 1 1 2 3
"1906" 10 4 7 6
"1907" 2 1 6 4
"1908" 2 1 6 4
"1909" 4 1 6 3
"1910" 1 1 2 2
"1911" 10 4 7 6
"1912" 9 1 2 2
"1913" 2 1 6 4
"1914" 4 1 6 4
"1915" 5 3 5 4
"1916" 10 4 4 7
"1917" 2 3 6 8
"1918" 4 1 6 4
"1919" 4 1 6 5
"1920" 9 3 5 3
"1921" 8 4 4 7
"1922" 7 2 1 7
"1923" 4 1 6 4
"1924" 10 4 7 7
"1925" 9 3 5 3
"1926" 3 1 2 2
"1927" 3 1 2 2
"1928" 3 2 2 9
"1929" 10 4 7 7
"1930" 7 4 4 7
"1931" 3 1 2 2
"1932" 4 1 6 4
"1933" 3 1 2 2
"1934" 3 1 2 2
"1935" 10 4 7 6
"1936" 6 2 3 9
"1937" 3 1 2 2
"1938" 9 3 2 3
"1939" 10 4 7 6
"1940" 3 1 2 2
"1941" 5 3 5 5
"1942" 3 1 2 2
"1943" 7 2 1 8
"1944" 1 1 6 8
"1945" 3 1 2 2
"1946" 3 1 2 2
"1947" 7 2 1 8
"1948" 6 2 5 3
"1949" 10 4 7 6
"1950" 5 3 5 5
"1951" 4 3 5 4
"1952" 4 3 5 5
"1953" 9 3 5 3
"1954" 10 4 7 6
"1955" 2 1 6 8
"1956" 4 2 5 5
"1957" 9 3 5 3
"1958" 3 1 2 2
"1959" 4 1 6 8
"1960" 9 3 5 5
"1961" 8 4 4 7
"1962" 9 3 5 3
"1963" 2 1 6 2
"1964" 8 4 7 6
"1965" 10 4 7 6
"1966" 9 3 5 3
"1967" 3 1 2 2
"1968" 5 3 5 5
"1969" 8 4 7 6
"1970" 9 3 5 5
"1971" 3 1 2 9
"1972" 3 1 2 2
"1973" 4 3 5 5
"1974" 6 2 3 2
"1975" 6 3 5 9
"1976" 5 3 5 5
"1977" 5 3 5 5
"1978" 7 2 1 8
"1979" 2 1 6 8
"1980" 9 3 5 5
"1981" 3 2 2 2
"1982" 6 2 3 9
"1983" 10 4 7 6
"1984" 2 1 6 8
"1985" 1 1 2 4
"1986" 5 3 5 5
"1987" 9 3 5 3
"1988" 2 3 6 8
"1989" 8 4 4 7
"1990" 9 1 2 3
"1991" 7 2 1 2
"1992" 1 1 6 4
"1993" 9 1 2 3
"1994" 2 3 5 5
"1995" 2 1 6 4
"1996" 9 3 5 3
"1997" 3 1 2 2
"1998" 3 1 2 2
"1999" 8 4 4 7
"2000" 5 3 5 5
"2001" 9 3 5 3
"2002" 1 1 2 2
"2003" 9 3 5 3
"2004" 3 1 2 2
"2005" 8 4 7 6
"2006" 9 1 2 2
"2007" 10 4 7 7
"2008" 3 1 2 2
"2009" 9 3 5 3
"2010" 3 1 2 2
"2011" 6 2 3 9
"2012" 10 4 4 7
"2013" 10 4 7 7
"2014" 7 4 1 7
"2015" 8 4 4 7
"2016" 3 1 2 2
"2017" 2 1 6 4
"2018" 10 4 7 6
"2019" 4 1 6 4
"2020" 10 4 7 6
"2021" 8 4 4 7
"2022" 9 3 5 3
"2023" 2 2 5 5
"2024" 6 2 3 9
"2025" 2 1 6 8
"2026" 8 4 4 7
"2027" 3 1 2 2
"2028" 9 3 5 3
"2029" 3 1 2 2
"2030" 1 1 6 4
"2031" 6 2 3 9
"2032" 3 1 2 2
"2033" 6 2 3 9
"2034" 5 3 6 4
"2035" 5 3 5 3
"2036" 4 3 5 5
"2037" 6 2 3 9
"2038" 3 1 2 3
"2039" 10 4 7 6
"2040" 5 3 5 3
"2041" 4 3 6 5
"2042" 7 2 6 5
"2043" 5 3 5 3
"2044" 10 4 7 6
"2045" 8 4 4 7
"2046" 3 3 5 2
"2047" 9 3 5 5
"2048" 5 3 5 5
"2049" 4 1 6 4
"2050" 4 1 6 8
"2051" 3 1 2 2
"2052" 4 1 6 4
"2053" 10 4 7 6
"2054" 5 3 5 3
"2055" 1 1 6 4
"2056" 7 2 1 8
"2057" 9 3 5 3
"2058" 3 1 2 2
"2059" 5 3 5 5
"2060" 9 3 5 3
"2061" 2 1 6 4
"2062" 8 4 4 7
"2063" 1 1 2 2
"2064" 1 1 2 2
"2065" 5 3 5 5
"2066" 8 4 7 6
"2067" 10 4 7 6
"2068" 4 3 6 4
"2069" 10 4 7 6
"2070" 4 1 6 4
"2071" 3 1 2 2
"2072" 8 4 4 7
"2073" 3 1 2 2
"2074" 3 1 2 3
"2075" 1 1 2 4
"2076" 8 4 4 6
"2077" 5 3 5 5
"2078" 3 1 2 2
"2079" 8 4 7 6
"2080" 1 1 2 2
"2081" 8 4 4 7
"2082" 4 1 6 4
"2083" 5 1 6 4
"2084" 6 2 3 9
"2085" 2 1 2 5
"2086" 9 3 2 2
"2087" 3 1 2 2
"2088" 5 3 5 5
"2089" 4 1 6 4
"2090" 3 1 2 2
"2091" 9 3 5 5
"2092" 2 3 6 8
"2093" 7 2 1 4
"2094" 5 3 5 3
"2095" 5 3 5 3
"2096" 5 3 5 3
"2097" 9 3 5 3
"2098" 9 3 5 3
"2099" 10 4 7 6
"2100" 8 4 7 7
"2101" 5 3 5 5
"2102" 7 2 1 8
"2103" 3 1 2 2
"2104" 5 3 5 5
"2105" 5 3 5 5
"2106" 3 1 2 3
"2107" 8 4 7 6
"2108" 8 4 4 7
"2109" 3 1 2 2
"2110" 1 3 5 3
"2111" 9 3 5 5
"2112" 9 3 5 3
"2113" 6 2 1 8
"2114" 10 4 7 6
"2115" 5 3 5 3
"2116" 1 1 6 4
"2117" 2 3 6 5
"2118" 2 1 6 2
"2119" 2 1 6 3
"2120" 8 4 4 7
"2121" 9 3 5 3
"2122" 10 4 7 7
"2123" 7 2 1 8
"2124" 4 1 6 4
"2125" 8 4 4 7
"2126" 4 3 5 5
"2127" 2 1 6 8
"2128" 9 3 5 3
"2129" 2 1 6 4
"2130" 7 4 1 5
"2131" 10 4 7 6
"2132" 10 4 4 7
"2133" 3 1 3 2
"2134" 5 3 5 3
"2135" 4 1 6 4
"2136" 9 3 5 5
"2137" 1 1 6 2
"2138" 6 2 3 2
"2139" 1 1 6 4
"2140" 10 4 7 6
"2141" 3 1 2 2
"2142" 1 1 2 2
"2143" 1 1 6 4
"2144" 9 3 5 3
"2145" 9 3 5 3
"2146" 1 1 2 4
"2147" 8 4 7 6
"2148" 10 4 7 6
"2149" 3 1 2 2
"2150" 9 3 5 3
"2151" 3 1 2 2
"2152" 9 3 2 2
"2153" 1 1 6 4
"2154" 9 3 5 3
"2155" 7 2 1 8
"2156" 9 3 5 3
"2157" 10 4 7 6
"2158" 6 2 5 8
"2159" 9 3 5 3
"2160" 7 4 4 7
"2161" 8 4 7 6
"2162" 6 3 5 5
"2163" 2 1 2 2
"2164" 7 2 1 8
"2165" 9 3 5 5
"2166" 1 1 6 4
"2167" 8 4 4 7
"2168" 6 2 5 5
"2169" 9 3 5 3
"2170" 6 2 3 9
"2171" 1 1 6 4
"2172" 9 3 5 3
"2173" 1 1 2 2
"2174" 6 2 3 9
"2175" 6 2 3 9
"2176" 9 3 2 3
"2177" 1 1 6 4
"2178" 8 4 7 6
"2179" 10 4 7 6
"2180" 5 3 6 4
"2181" 2 1 6 8
"2182" 2 1 6 5
"2183" 1 1 6 4
"2184" 3 1 2 3
"2185" 3 1 2 2
"2186" 1 1 6 4
"2187" 5 3 5 5
"2188" 1 1 6 4
"2189" 10 4 7 6
"2190" 8 4 4 7
"2191" 7 2 1 4
"2192" 2 1 6 4
"2193" 6 2 3 9
"2194" 4 1 6 4
"2195" 5 3 5 3
"2196" 9 3 5 2
"2197" 2 1 6 8
"2198" 1 1 2 4
"2199" 6 2 3 9
"2200" 6 2 3 2
"2201" 9 3 5 3
"2202" 2 1 6 8
"2203" 10 4 7 6
"2204" 5 3 5 5
"2205" 8 4 7 6
"2206" 9 3 5 3
"2207" 5 3 6 3
"2208" 2 1 6 8
"2209" 8 4 4 7
"2210" 5 3 5 5
"2211" 8 4 4 7
"2212" 3 1 2 2
"2213" 7 4 5 7
"2214" 2 2 6 8
"2215" 2 1 6 8
"2216" 6 2 2 2
"2217" 5 3 5 5
"2218" 2 1 6 8
"2219" 1 1 2 2
"2220" 8 4 7 6
"2221" 2 1 6 4
"2222" 10 4 7 6
"2223" 1 1 6 4
"2224" 3 1 2 2
"2225" 1 1 6 4
"2226" 4 3 5 5
"2227" 9 3 5 3
"2228" 6 2 3 9
"2229" 4 3 5 5
"2230" 3 1 2 2
"2231" 7 2 6 8
"2232" 10 4 7 6
"2233" 4 2 5 8
"2234" 5 3 5 5
"2235" 9 3 5 3
"2236" 10 4 7 6
"2237" 8 4 4 7
"2238" 4 2 6 8
"2239" 2 1 6 4
"2240" 7 2 1 8
"2241" 6 2 3 9
"2242" 4 1 6 4
"2243" 8 4 7 6
"2244" 5 3 6 4
"2245" 10 4 7 6
"2246" 8 4 4 7
"2247" 4 4 1 5
"2248" 8 4 4 7
"2249" 2 3 6 5
"2250" 1 1 6 4
"2251" 2 1 6 4
"2252" 6 2 5 5
"2253" 8 4 4 7
"2254" 8 1 6 4
"2255" 6 2 3 9
"2256" 1 1 6 4
"2257" 8 4 4 7
"2258" 1 1 2 2
"2259" 5 3 5 5
"2260" 10 4 7 6
"2261" 8 4 7 6
"2262" 1 1 6 4
"2263" 4 1 6 4
"2264" 2 1 6 5
"2265" 6 1 3 2
"2266" 4 1 6 4
"2267" 2 1 2 8
"2268" 10 4 7 6
"2269" 4 1 6 8
"2270" 8 4 4 7
"2271" 3 1 2 3
"2272" 5 3 5 5
"2273" 8 4 4 7
"2274" 9 1 2 2
"2275" 3 1 2 2
"2276" 1 1 2 3
"2277" 8 4 4 7
"2278" 3 1 2 2
"2279" 5 3 5 3
"2280" 3 1 2 2
"2281" 10 4 7 6
"2282" 3 1 2 2
"2283" 8 4 4 7
"2284" 2 3 6 5
"2285" 9 1 2 2
"2286" 6 2 3 9
"2287" 4 3 5 5
"2288" 8 4 4 7
"2289" 2 1 6 4
"2290" 9 3 5 5
"2291" 4 1 6 4
"2292" 9 3 5 3
"2293" 6 2 3 2
"2294" 7 4 4 7
"2295" 1 1 2 2
"2296" 1 1 6 4
"2297" 6 2 3 9
"2298" 8 4 4 7
"2299" 8 4 7 6
"2300" 5 3 5 3
"2301" 10 4 7 6
"2302" 1 1 6 4
"2303" 4 3 5 4
"2304" 6 2 3 9
"2305" 10 4 7 6
"2306" 3 1 2 3
"2307" 4 1 6 4
"2308" 6 2 3 9
"2309" 9 3 5 5
"2310" 8 4 4 7
"2311" 3 1 2 2
"2312" 2 1 2 8
"2313" 7 4 4 7
"2314" 6 2 3 9
"2315" 5 3 5 5
"2316" 9 3 5 3
"2317" 3 1 2 2
"2318" 6 3 5 9
"2319" 8 4 4 7
"2320" 5 3 5 5
"2321" 2 1 6 5
"2322" 2 1 2 8
"2323" 3 1 2 2
"2324" 5 3 5 5
"2325" 3 1 2 2
"2326" 8 4 7 6
"2327" 9 3 5 3
"2328" 1 1 6 4
"2329" 9 3 5 3
"2330" 1 1 6 4
"2331" 6 2 3 5
"2332" 3 1 2 2
"2333" 9 3 5 5
"2334" 9 3 5 3
"2335" 8 4 7 6
"2336" 6 2 3 9
"2337" 1 1 6 2
"2338" 3 1 2 2
"2339" 4 1 6 4
"2340" 2 1 2 2
"2341" 9 3 5 3
"2342" 9 1 2 2
"2343" 8 4 7 6
"2344" 7 2 6 7
"2345" 4 1 6 4
"2346" 6 2 3 9
"2347" 1 1 6 4
"2348" 4 2 1 5
"2349" 6 2 3 9
"2350" 7 2 1 8
"2351" 2 1 6 4
"2352" 2 1 6 8
"2353" 1 1 2 2
"2354" 3 1 2 2
"2355" 6 2 3 9
"2356" 1 1 6 4
"2357" 3 1 2 2
"2358" 3 2 2 2
"2359" 3 1 3 3
"2360" 4 3 5 4
"2361" 3 1 2 2
"2362" 10 4 7 6
"2363" 7 3 1 8
"2364" 6 2 3 9
"2365" 7 2 1 8
"2366" 9 3 5 3
"2367" 8 4 7 6
"2368" 1 1 6 4
"2369" 1 1 2 2
"2370" 4 3 5 5
"2371" 5 3 5 5
"2372" 10 4 7 6
"2373" 3 2 2 2
"2374" 1 1 6 2
"2375" 3 1 2 2
"2376" 3 1 2 2
"2377" 5 3 5 3
"2378" 3 1 2 3
"2379" 5 3 5 5
"2380" 10 4 7 6
"2381" 3 1 2 2
"2382" 7 2 1 8
"2383" 10 4 7 6
"2384" 3 1 2 2
"2385" 5 1 6 4
"2386" 3 1 2 3
"2387" 10 4 7 6
"2388" 3 1 2 2
"2389" 9 3 5 3
"2390" 10 4 7 6
"2391" 6 2 3 9
"2392" 4 1 6 4
"2393" 3 1 2 3
"2394" 6 3 5 9
"2395" 3 1 2 2
"2396" 2 2 6 2
"2397" 3 1 2 2
"2398" 2 3 2 5
"2399" 2 1 6 5
"2400" 5 3 5 5
"2401" 2 1 6 2
"2402" 7 2 1 8
"2403" 2 1 2 2
"2404" 8 4 4 7
"2405" 5 3 5 4
"2406" 4 1 6 4
"2407" 5 3 5 5
"2408" 5 3 5 5
"2409" 2 1 6 4
"2410" 5 3 5 3
"2411" 3 1 2 2
"2412" 6 2 3 9
"2413" 6 3 3 9
"2414" 10 4 7 6
"2415" 4 1 6 4
"2416" 2 1 6 8
"2417" 1 1 2 2
"2418" 4 4 5 5
"2419" 8 4 4 7
"2420" 1 1 2 4
"2421" 3 1 2 2
"2422" 7 2 1 9
"2423" 4 1 6 4
"2424" 2 3 5 5
"2425" 4 1 6 4
"2426" 5 3 5 5
"2427" 4 3 5 4
"2428" 10 4 7 6
"2429" 9 3 5 3
"2430" 1 1 6 4
"2431" 6 2 3 9
"2432" 8 4 4 7
"2433" 3 1 2 2
"2434" 9 3 5 3
"2435" 3 3 5 2
"2436" 1 1 6 4
"2437" 6 2 3 9
"2438" 9 1 2 3
"2439" 9 3 5 5
"2440" 9 3 5 3
"2441" 4 3 5 5
"2442" 5 1 6 4
"2443" 9 1 2 3
"2444" 4 3 5 4
"2445" 8 4 4 7
"2446" 2 2 6 8
"2447" 4 1 6 4
"2448" 3 1 2 2
"2449" 8 4 4 7
"2450" 10 4 7 7
"2451" 5 3 5 5
"2452" 8 4 4 7
"2453" 5 3 5 5
"2454" 9 3 5 3
"2455" 10 4 7 6
"2456" 3 1 2 2
"2457" 8 4 4 7
"2458" 1 1 6 4
"2459" 6 3 3 2
"2460" 7 2 6 8
"2461" 1 1 6 4
"2462" 8 4 4 7
"2463" 9 3 5 3
"2464" 8 4 4 7
"2465" 5 3 5 3
"2466" 3 1 2 2
"2467" 3 1 2 2
"2468" 1 1 6 4
"2469" 4 1 6 4
"2470" 7 1 6 5
"2471" 9 3 5 3
"2472" 1 1 2 3
"2473" 7 2 1 8
"2474" 7 2 1 5
"2475" 3 1 2 2
"2476" 10 4 7 6
"2477" 8 4 7 6
"2478" 10 4 7 6
"2479" 10 4 7 6
"2480" 6 1 3 9
"2481" 2 1 6 5
"2482" 8 4 4 7
"2483" 4 2 5 5
"2484" 2 1 6 8
"2485" 10 4 7 6
"2486" 9 3 5 3
"2487" 4 1 6 4
"2488" 9 1 2 2
"2489" 4 1 6 4
"2490" 1 1 6 4
"2491" 4 3 5 5
"2492" 6 2 3 2
"2493" 10 4 7 7
"2494" 9 3 5 3
"2495" 7 2 5 5
"2496" 1 1 6 4
"2497" 3 1 2 2
"2498" 4 1 6 2
"2499" 5 3 5 5
"2500" 4 3 5 5
"2501" 9 3 5 3
"2502" 4 3 5 5
"2503" 9 2 5 3
"2504" 4 1 6 8
"2505" 7 4 1 7
"2506" 3 2 2 2
"2507" 3 1 2 2
"2508" 8 4 4 7
"2509" 3 1 2 2
"2510" 7 3 5 5
"2511" 9 1 2 3
"2512" 10 4 7 7
"2513" 9 3 5 3
"2514" 9 3 5 3
"2515" 8 4 4 6
"2516" 3 2 3 2
"2517" 9 2 5 3
"2518" 3 1 2 2
"2519" 9 3 5 3
"2520" 2 1 6 4
"2521" 9 3 5 3
"2522" 3 1 2 2
"2523" 3 1 2 2
"2524" 9 3 5 3
"2525" 7 2 1 8
"2526" 9 3 5 3
"2527" 9 3 5 3
"2528" 9 1 2 2
"2529" 5 3 5 5
"2530" 3 1 2 2
"2531" 6 3 2 3
"2532" 8 4 4 7
"2533" 4 3 5 5
"2534" 1 1 6 4
"2535" 9 3 5 3
"2536" 9 3 5 3
"2537" 1 1 2 2
"2538" 1 1 6 4
"2539" 4 1 6 8
"2540" 7 4 1 7
"2541" 3 1 2 2
"2542" 7 2 1 8
"2543" 9 3 5 3
"2544" 2 1 6 8
"2545" 1 1 6 4
"2546" 4 1 6 4
"2547" 2 1 6 2
"2548" 3 1 2 2
"2549" 4 1 6 4
"2550" 6 2 3 9
"2551" 7 2 1 8
"2552" 5 3 5 5
"2553" 8 4 4 7
"2554" 10 4 7 6
"2555" 8 4 7 7
"2556" 9 3 5 3
"2557" 3 2 2 2
"2558" 8 4 7 6
"2559" 1 1 6 4
"2560" 9 1 2 3
"2561" 6 2 3 9
"2562" 3 1 2 2
"2563" 9 2 5 8
"2564" 3 1 2 2
"2565" 2 3 2 8
"2566" 8 4 4 7
"2567" 7 2 1 8
"2568" 10 4 7 6
"2569" 6 1 3 9
"2570" 5 1 5 4
"2571" 9 3 5 3
"2572" 2 1 2 8
"2573" 3 1 2 2
"2574" 9 1 2 3
"2575" 8 4 4 7
"2576" 3 1 2 2
"2577" 10 4 7 6
"2578" 3 2 2 2
"2579" 2 3 5 5
"2580" 10 4 7 6
"2581" 3 1 2 2
"2582" 1 3 6 4
"2583" 8 4 7 6
"2584" 4 3 5 5
"2585" 5 3 5 3
"2586" 5 3 5 5
"2587" 2 3 5 8
"2588" 9 3 5 3
"2589" 10 4 7 6
"2590" 10 4 7 6
"2591" 5 3 5 3
"2592" 1 1 2 3
"2593" 1 1 6 4
"2594" 10 4 7 7
"2595" 10 4 7 6
"2596" 1 1 6 4
"2597" 3 1 2 2
"2598" 1 1 6 4
"2599" 3 1 2 2
"2600" 5 3 5 3
"2601" 6 2 3 9
"2602" 5 3 5 5
"2603" 9 3 5 3
"2604" 9 3 5 3
"2605" 7 2 1 8
"2606" 3 2 2 2
"2607" 2 1 6 8
"2608" 3 1 2 2
"2609" 6 3 5 3
"2610" 5 3 5 5
"2611" 8 4 1 7
"2612" 4 2 5 5
"2613" 6 3 3 9
"2614" 8 4 4 7
"2615" 4 4 1 7
"2616" 5 3 5 5
"2617" 8 4 4 7
"2618" 3 1 2 3
"2619" 6 3 3 9
"2620" 5 1 5 3
"2621" 7 2 1 8
"2622" 8 4 4 7
"2623" 8 4 4 7
"2624" 7 3 1 8
"2625" 7 2 1 8
"2626" 6 2 2 8
"2627" 8 4 7 7
"2628" 10 4 7 6
"2629" 2 1 2 8
"2630" 10 4 7 6
"2631" 2 1 6 8
"2632" 8 4 4 7
"2633" 7 2 1 8
"2634" 2 1 6 4
"2635" 2 1 6 2
"2636" 8 4 4 7
"2637" 8 4 4 7
"2638" 10 4 7 6
"2639" 8 4 4 7
"2640" 5 3 5 5
"2641" 9 3 5 3
"2642" 10 4 7 6
"2643" 1 1 6 4
"2644" 5 3 5 5
"2645" 8 4 7 6
"2646" 3 1 2 2
"2647" 2 1 6 8
"2648" 8 4 7 6
"2649" 8 4 4 7
"2650" 2 3 5 5
"2651" 1 1 6 4
"2652" 9 3 5 3
"2653" 8 4 7 6
"2654" 8 4 7 6
"2655" 3 1 2 2
"2656" 2 1 6 8
"2657" 9 3 5 3
"2658" 1 1 6 4
"2659" 1 1 6 4
"2660" 8 4 4 7
"2661" 9 3 5 3
"2662" 1 1 6 4
"2663" 5 3 5 5
"2664" 3 1 2 2
"2665" 4 3 5 5
"2666" 1 1 6 4
"2667" 5 3 5 3
"2668" 7 2 1 8
"2669" 1 1 2 4
"2670" 5 3 5 3
"2671" 2 1 6 4
"2672" 8 4 4 7
"2673" 3 1 2 2
"2674" 5 3 5 3
"2675" 2 1 2 8
"2676" 3 1 2 2
"2677" 5 3 5 5
"2678" 1 1 6 4
"2679" 9 3 5 3
"2680" 4 3 5 5
"2681" 7 2 1 8
"2682" 2 1 6 2
"2683" 8 4 4 7
"2684" 8 4 7 7
"2685" 8 4 4 7
"2686" 9 3 5 3
"2687" 1 1 6 4
"2688" 10 4 7 6
"2689" 5 3 5 3
"2690" 1 1 6 4
"2691" 2 1 2 3
"2692" 5 1 5 3
"2693" 5 3 5 5
"2694" 2 3 6 5
"2695" 1 1 6 4
"2696" 8 4 4 7
"2697" 7 2 1 2
"2698" 10 4 7 6
"2699" 3 1 2 2
"2700" 8 4 7 6
"2701" 8 4 4 7
"2702" 7 2 1 8
"2703" 3 1 2 2
"2704" 5 3 5 3
"2705" 7 2 6 8
"2706" 3 1 2 2
"2707" 9 3 5 3
"2708" 3 1 2 2
"2709" 4 1 6 4
"2710" 9 3 5 3
"2711" 3 1 2 9
"2712" 3 1 2 2
"2713" 3 1 2 2
"2714" 3 1 2 2
"2715" 3 1 2 2
"2716" 8 4 4 7
"2717" 3 1 2 2
"2718" 9 3 5 3
"2719" 4 3 5 4
"2720" 3 1 2 2
"2721" 8 4 7 6
"2722" 5 3 5 5
"2723" 2 3 5 5
"2724" 10 4 7 6
"2725" 10 4 7 6
"2726" 5 3 5 5
"2727" 9 3 5 3
"2728" 3 1 2 2
"2729" 6 1 3 9
"2730" 9 3 5 3
"2731" 1 1 2 3
"2732" 9 3 2 3
"2733" 5 3 5 5
"2734" 3 1 2 4
"2735" 10 4 7 6
"2736" 8 4 4 7
"2737" 1 2 2 3
"2738" 1 1 6 4
"2739" 1 1 6 4
"2740" 2 1 2 8
"2741" 8 4 4 7
"2742" 10 4 7 6
"2743" 2 1 2 8
"2744" 9 3 5 3
"2745" 9 3 5 3
"2746" 5 3 5 5
"2747" 3 1 3 2
"2748" 2 1 6 2
"2749" 3 1 2 2
"2750" 2 1 6 4
"2751" 2 1 6 8
"2752" 7 2 1 8
"2753" 2 3 6 5
"2754" 7 2 1 8
"2755" 5 3 5 3
"2756" 8 4 4 7
"2757" 1 1 2 3
"2758" 1 1 6 4
"2759" 8 4 7 6
"2760" 5 3 5 5
"2761" 10 4 7 6
"2762" 4 1 6 8
"2763" 8 4 4 7
"2764" 5 3 5 5
"2765" 6 2 3 9
"2766" 8 4 7 6
"2767" 7 2 6 8
"2768" 9 3 5 3
"2769" 1 1 2 4
"2770" 1 1 2 4
"2771" 9 3 5 3
"2772" 1 1 6 4
"2773" 2 1 6 4
"2774" 2 1 6 4
"2775" 4 3 5 5
"2776" 10 4 7 6
"2777" 6 2 3 9
"2778" 10 4 7 6
"2779" 4 2 6 5
"2780" 1 1 6 4
"2781" 8 4 4 7
"2782" 10 4 7 6
"2783" 2 1 6 8
"2784" 2 1 2 8
"2785" 9 3 5 3
"2786" 9 3 5 3
"2787" 9 3 5 3
"2788" 9 3 5 3
"2789" 7 4 1 7
"2790" 5 3 5 5
"2791" 8 4 4 7
"2792" 8 4 7 6
"2793" 4 2 5 5
"2794" 2 1 6 4
"2795" 2 1 2 8
"2796" 8 4 4 7
"2797" 1 1 6 4
"2798" 10 4 7 6
"2799" 4 1 6 4
"2800" 10 4 7 6
"2801" 1 1 6 4
"2802" 7 2 1 8
"2803" 9 3 5 3
"2804" 3 1 2 2
"2805" 3 1 2 2
"2806" 1 1 2 4
"2807" 9 1 2 2
"2808" 4 3 1 5
"2809" 4 1 6 4
"2810" 10 4 7 6
"2811" 5 3 5 3
"2812" 3 1 2 2
"2813" 1 1 6 4
"2814" 2 1 6 2
"2815" 2 1 2 8
"2816" 8 4 4 6
"2817" 10 4 4 7
"2818" 3 1 2 3
"2819" 3 1 2 2
"2820" 4 3 5 4
"2821" 3 1 2 2
"2822" 3 1 2 2
"2823" 10 4 7 6
"2824" 1 1 2 2
"2825" 5 3 5 5
"2826" 9 3 5 3
"2827" 7 2 6 8
"2828" 8 4 4 6
"2829" 2 1 6 5
"2830" 8 4 4 7
"2831" 1 1 6 4
"2832" 7 4 1 7
"2833" 9 3 5 3
"2834" 9 3 5 3
"2835" 2 1 6 2
"2836" 7 2 1 7
"2837" 10 4 7 6
"2838" 3 1 2 2
"2839" 3 1 2 3
"2840" 9 3 5 3
"2841" 2 1 6 4
"2842" 9 3 5 3
"2843" 6 2 3 9
"2844" 9 1 2 2
"2845" 6 3 5 2
"2846" 2 2 6 8
"2847" 2 1 6 4
"2848" 1 1 6 2
"2849" 2 1 6 8
"2850" 6 2 3 9
"2851" 1 1 6 2
"2852" 9 1 2 2
"2853" 4 1 6 4
"2854" 9 3 2 3
"2855" 3 1 2 2
"2856" 10 4 7 6
"2857" 2 1 6 8
"2858" 7 2 2 2
"2859" 9 3 5 3
"2860" 2 1 5 8
"2861" 9 3 5 3
"2862" 9 2 2 3
"2863" 1 1 2 2
"2864" 1 1 6 2
"2865" 2 1 6 8
"2866" 2 1 6 8
"2867" 4 3 5 5
"2868" 1 1 6 4
"2869" 5 3 5 3
"2870" 4 3 5 5
"2871" 7 2 1 8
"2872" 9 3 5 3
"2873" 1 1 2 2
"2874" 9 3 5 3
"2875" 8 4 4 7
"2876" 5 3 5 3
"2877" 1 1 6 2
"2878" 4 3 5 5
"2879" 8 4 4 7
"2880" 5 3 5 4
"2881" 7 2 6 4
"2882" 9 3 5 3
"2883" 8 4 4 7
"2884" 4 1 6 4
"2885" 2 1 2 8
"2886" 2 1 2 8
"2887" 9 3 5 5
"2888" 9 3 2 2
"2889" 4 1 6 4
"2890" 9 3 5 3
"2891" 5 3 5 5
"2892" 1 1 2 3
"2893" 7 2 1 5
"2894" 5 3 5 5
"2895" 2 1 6 2
"2896" 2 1 6 8
"2897" 5 3 5 3
"2898" 10 4 7 6
"2899" 10 4 7 7
"2900" 7 2 1 8
"2901" 10 4 7 6
"2902" 9 3 5 3
"2903" 6 2 3 9
"2904" 4 3 6 5
"2905" 4 3 5 5
"2906" 9 3 5 5
"2907" 3 1 2 2
"2908" 6 2 3 9
"2909" 6 2 3 9
"2910" 8 4 4 7
"2911" 3 1 2 2
"2912" 7 2 1 2
"2913" 2 1 6 8
"2914" 1 1 2 4
"2915" 4 3 5 5
"2916" 4 1 6 4
"2917" 9 3 5 3
"2918" 1 1 6 4
"2919" 3 1 2 2
"2920" 1 1 6 4
"2921" 3 1 2 3
"2922" 2 1 6 8
"2923" 4 1 6 4
"2924" 7 4 1 8
"2925" 4 1 6 4
"2926" 9 3 5 3
"2927" 10 4 4 6
"2928" 9 3 5 3
"2929" 5 3 5 5
"2930" 9 1 2 2
"2931" 4 3 5 5
"2932" 2 3 6 8
"2933" 3 1 2 2
"2934" 1 1 6 4
"2935" 3 1 2 2
"2936" 10 4 7 6
"2937" 9 3 2 2
"2938" 9 3 5 3
"2939" 9 3 5 3
"2940" 1 1 6 4
"2941" 9 3 5 3
"2942" 3 1 2 2
"2943" 2 1 6 8
"2944" 6 3 5 3
"2945" 8 4 7 7
"2946" 2 1 2 4
"2947" 3 1 2 2
"2948" 5 3 5 5
"2949" 7 2 1 9
"2950" 6 2 3 9
"2951" 7 2 1 9
"2952" 9 3 5 2
"2953" 8 4 4 7
"2954" 3 1 2 2
"2955" 8 4 7 6
"2956" 6 2 3 2
"2957" 10 4 7 6
"2958" 3 1 2 2
"2959" 9 3 5 3
"2960" 1 1 6 8
"2961" 7 4 4 7
"2962" 2 1 6 8
"2963" 7 2 1 8
"2964" 1 1 2 3
"2965" 5 3 5 3
"2966" 7 2 6 8
"2967" 3 1 2 2
"2968" 1 1 6 4
"2969" 5 3 5 3
"2970" 3 1 2 2
"2971" 4 3 6 4
"2972" 5 3 5 5
"2973" 1 1 6 4
"2974" 5 3 5 5
"2975" 5 3 5 5
"2976" 9 3 5 3
"2977" 9 3 5 3
"2978" 9 3 5 3
"2979" 6 2 3 9
"2980" 1 1 2 2
"2981" 9 3 5 3
"2982" 8 4 7 6
"2983" 3 1 2 2
"2984" 5 3 5 5
"2985" 5 3 5 5
"2986" 1 1 6 4
"2987" 9 3 5 3
"2988" 9 3 5 3
"2989" 5 3 5 5
"2990" 5 3 5 5
"2991" 4 1 6 4
"2992" 6 1 3 2
"2993" 5 3 5 5
"2994" 7 2 6 8
"2995" 6 2 3 9
"2996" 1 1 6 4
"2997" 10 4 7 6
"2998" 3 1 2 2
"2999" 1 1 2 4
"3000" 2 1 2 2
"3001" 5 3 5 4
"3002" 5 2 5 5
"3003" 5 3 5 5
"3004" 3 1 2 2
"3005" 1 1 6 4
"3006" 4 1 6 4
"3007" 2 1 6 8
"3008" 9 3 5 3
"3009" 9 3 5 3
"3010" 2 2 6 8
"3011" 4 3 5 5
"3012" 1 1 6 4
"3013" 5 3 5 5
"3014" 9 3 5 3
"3015" 9 3 5 5
"3016" 9 3 5 3
"3017" 9 3 2 3
"3018" 3 1 2 3
"3019" 1 1 6 4
"3020" 8 4 7 6
"3021" 9 3 5 3
"3022" 9 3 5 2
"3023" 5 3 5 3
"3024" 4 3 5 4
"3025" 9 3 5 3
"3026" 3 1 2 2
"3027" 2 1 6 8
"3028" 4 3 6 5
"3029" 5 3 5 5
"3030" 7 2 1 5
"3031" 10 4 7 6
"3032" 3 1 2 2
"3033" 5 1 6 4
"3034" 9 3 2 3
"3035" 1 1 2 2
"3036" 6 2 3 2
"3037" 7 2 1 8
"3038" 7 2 1 8
"3039" 1 1 6 4
"3040" 8 4 4 7
"3041" 3 1 2 2
"3042" 8 4 4 7
"3043" 8 4 4 7
"3044" 1 1 6 4
"3045" 9 3 5 3
"3046" 8 4 7 6
"3047" 4 1 6 4
"3048" 3 1 2 3
"3049" 2 1 6 4
"3050" 9 3 5 3
"3051" 2 1 6 4
"3052" 9 1 2 2
"3053" 9 3 5 3
"3054" 6 2 3 9
"3055" 8 4 4 7
"3056" 2 1 6 8
"3057" 8 4 7 6
"3058" 4 1 6 4
"3059" 3 1 2 2
"3060" 5 3 5 3
"3061" 2 1 6 5
"3062" 5 3 5 5
"3063" 9 3 5 3
"3064" 9 3 5 3
"3065" 3 1 2 2
"3066" 2 3 2 8
"3067" 4 1 6 4
"3068" 4 1 6 4
"3069" 4 3 6 4
"3070" 4 3 6 4
"3071" 1 1 6 4
"3072" 10 4 7 6
"3073" 5 1 6 4
"3074" 1 1 6 4
"3075" 1 1 6 4
"3076" 1 1 6 4
"3077" 4 1 6 8
"3078" 8 4 4 7
"3079" 1 1 6 2
"3080" 4 3 5 5
"3081" 9 3 5 3
"3082" 1 1 6 4
"3083" 4 1 6 4
"3084" 9 3 5 3
"3085" 10 4 7 6
"3086" 7 2 1 8
"3087" 9 3 5 5
"3088" 6 1 3 9
"3089" 1 1 6 2
"3090" 5 3 5 5
"3091" 7 2 5 5
"3092" 8 4 4 6
"3093" 10 4 7 6
"3094" 8 4 7 7
"3095" 9 2 5 2
"3096" 2 1 6 4
"3097" 2 1 6 4
"3098" 1 1 6 4
"3099" 3 1 2 2
"3100" 6 2 3 9
"3101" 6 2 3 9
"3102" 3 1 2 2
"3103" 8 4 4 7
"3104" 10 4 7 6
"3105" 4 1 6 4
"3106" 5 3 5 5
"3107" 6 2 3 9
"3108" 5 3 5 4
"3109" 8 4 1 7
"3110" 4 3 5 5
"3111" 4 3 5 5
"3112" 3 1 2 2
"3113" 7 2 1 8
"3114" 10 4 7 6
"3115" 4 3 5 5
"3116" 6 2 3 8
"3117" 1 3 2 3
"3118" 7 2 6 7
"3119" 3 1 2 3
"3120" 1 2 6 4
"3121" 9 3 5 3
"3122" 3 1 2 2
"3123" 5 2 5 5
"3124" 6 1 3 2
"3125" 10 4 7 6
"3126" 4 1 6 4
"3127" 3 1 2 3
"3128" 2 1 6 4
"3129" 6 2 3 2
"3130" 4 3 5 5
"3131" 1 1 6 4
"3132" 8 4 4 7
"3133" 9 3 5 3
"3134" 9 3 5 3
"3135" 8 4 4 7
"3136" 7 2 1 8
"3137" 10 4 7 6
"3138" 1 1 6 4
"3139" 2 1 6 8
"3140" 8 4 7 6
"3141" 8 4 4 7
"3142" 6 2 3 9
"3143" 5 3 5 3
"3144" 5 3 5 5
"3145" 3 1 2 2
"3146" 3 1 2 2
"3147" 9 3 5 3
"3148" 9 3 5 3
"3149" 6 2 3 9
"3150" 1 1 2 4
"3151" 9 3 5 3
"3152" 1 1 6 4
"3153" 5 3 5 5
"3154" 1 1 2 2
"3155" 9 3 5 2
"3156" 3 1 2 2
"3157" 9 3 5 3
"3158" 4 3 5 5
"3159" 2 1 6 8
"3160" 2 1 2 5
"3161" 9 3 5 3
"3162" 4 3 5 5
"3163" 1 1 6 2
"3164" 9 3 2 3
"3165" 9 3 5 3
"3166" 3 1 2 2
"3167" 2 3 5 5
"3168" 5 3 5 5
"3169" 7 4 4 7
"3170" 6 3 3 2
"3171" 9 3 5 5
"3172" 1 1 6 4
"3173" 2 1 6 8
"3174" 1 1 6 4
"3175" 6 2 3 9
"3176" 3 1 2 3
"3177" 5 3 5 4
"3178" 9 3 5 3
"3179" 9 3 5 3
"3180" 3 1 2 2
"3181" 2 1 2 2
"3182" 2 1 6 4
"3183" 10 4 7 6
"3184" 3 1 2 2
"3185" 1 1 6 4
"3186" 4 3 5 5
"3187" 6 2 3 9
"3188" 5 3 5 3
"3189" 2 3 5 5
"3190" 1 1 6 4
"3191" 8 4 4 4
"3192" 6 3 5 5
"3193" 8 4 4 7
"3194" 9 3 5 3
"3195" 3 1 2 2
"3196" 2 1 2 8
"3197" 5 3 6 4
"3198" 4 1 6 4
"3199" 8 4 4 7
"3200" 2 1 6 8
"3201" 9 3 5 3
"3202" 1 1 6 4
"3203" 3 1 2 2
"3204" 3 1 2 4
"3205" 5 3 5 3
"3206" 3 1 2 2
"3207" 1 1 6 4
"3208" 3 1 2 2
"3209" 1 1 2 2
"3210" 9 3 5 3
"3211" 3 1 2 3
"3212" 8 4 4 7
"3213" 9 3 5 2
"3214" 5 3 5 5
"3215" 1 1 2 3
"3216" 2 1 6 4
"3217" 6 2 3 9
"3218" 10 4 7 6
"3219" 5 3 5 5
"3220" 1 1 6 4
"3221" 9 3 5 3
"3222" 4 1 6 4
"3223" 4 3 5 5
"3224" 1 1 2 3
"3225" 1 1 6 4
"3226" 9 3 5 3
"3227" 1 1 2 2
"3228" 3 1 2 2
"3229" 5 3 5 5
"3230" 2 1 6 8
"3231" 1 1 2 4
"3232" 3 1 2 2
"3233" 8 4 4 7
"3234" 1 1 6 2
"3235" 6 2 3 2
"3236" 6 2 3 3
"3237" 4 3 5 4
"3238" 2 3 5 5
"3239" 4 1 6 4
"3240" 7 2 6 8
"3241" 8 4 4 7
"3242" 6 3 3 9
"3243" 6 2 3 9
"3244" 7 2 1 8
"3245" 8 4 4 7
"3246" 1 1 2 3
"3247" 4 3 5 3
"3248" 5 3 5 5
"3249" 7 2 3 8
"3250" 3 1 2 2
"3251" 1 1 2 2
"3252" 2 1 2 2
"3253" 5 3 5 5
"3254" 10 4 7 6
"3255" 5 3 5 5
"3256" 2 1 6 8
"3257" 5 3 5 5
"3258" 6 3 5 3
"3259" 6 2 3 9
"3260" 4 3 5 5
"3261" 4 1 6 4
"3262" 1 1 6 4
"3263" 3 1 2 2
"3264" 6 2 2 2
"3265" 5 3 5 5
"3266" 10 4 7 6
"3267" 2 1 2 5
"3268" 1 1 6 2
"3269" 7 4 4 7
"3270" 2 3 2 8
"3271" 4 1 6 4
"3272" 6 2 3 9
"3273" 3 1 2 2
"3274" 7 2 1 8
"3275" 3 1 2 2
"3276" 9 3 5 3
"3277" 4 1 6 4
"3278" 3 1 2 4
"3279" 1 1 2 2
"3280" 1 1 6 4
"3281" 3 1 2 3
"3282" 7 2 1 8
"3283" 4 2 1 7
"3284" 8 4 4 7
"3285" 3 1 2 2
"3286" 5 3 5 5
"3287" 5 3 5 3
"3288" 2 1 6 8
"3289" 1 1 6 4
"3290" 1 1 2 2
"3291" 8 4 7 6
"3292" 8 4 7 6
"3293" 6 2 3 9
"3294" 9 3 5 3
"3295" 9 3 5 3
"3296" 9 3 5 3
"3297" 9 3 3 3
"3298" 9 3 2 3
"3299" 7 4 1 7
"3300" 8 4 7 6
"3301" 6 2 3 9
"3302" 9 2 5 3
"3303" 5 3 5 5
"3304" 1 1 2 3
"3305" 5 3 5 5
"3306" 2 3 5 5
"3307" 6 2 3 9
"3308" 4 3 5 5
"3309" 1 1 6 4
"3310" 2 1 6 2
"3311" 8 4 1 7
"3312" 8 2 7 7
"3313" 9 3 5 3
"3314" 1 1 2 2
"3315" 6 2 5 8
"3316" 1 1 2 3
"3317" 3 1 2 2
"3318" 4 1 6 4
"3319" 8 4 7 6
"3320" 9 3 5 3
"3321" 4 3 5 5
"3322" 9 3 5 3
"3323" 3 1 2 2
"3324" 2 1 6 8
"3325" 9 3 2 3
"3326" 1 1 6 4
"3327" 9 3 5 3
"3328" 3 1 2 2
"3329" 8 4 7 7
"3330" 3 1 2 2
"3331" 8 4 4 4
"3332" 5 3 5 5
"3333" 7 4 1 7
"3334" 2 3 5 5
"3335" 4 1 6 4
"3336" 1 3 2 2
"3337" 3 1 2 2
"3338" 1 1 2 3
"3339" 5 3 5 3
"3340" 6 3 3 9
"3341" 6 3 5 3
"3342" 8 4 7 7
"3343" 9 3 5 5
"3344" 10 4 7 6
"3345" 1 1 6 4
"3346" 3 1 2 3
"3347" 3 1 2 2
"3348" 9 3 5 3
"3349" 3 1 2 2
"3350" 5 3 5 5
"3351" 4 1 6 5
"3352" 10 4 7 6
"3353" 4 1 6 4
"3354" 5 3 5 5
"3355" 5 3 5 3
"3356" 8 4 4 7
"3357" 5 3 5 5
"3358" 1 1 6 4
"3359" 10 4 7 6
"3360" 3 1 2 2
"3361" 5 3 5 5
"3362" 8 4 4 7
"3363" 9 3 5 3
"3364" 5 3 5 5
"3365" 8 4 4 7
"3366" 9 3 5 3
"3367" 9 3 5 3
"3368" 9 3 2 3
"3369" 9 3 5 3
"3370" 9 3 2 2
"3371" 2 1 6 4
"3372" 1 1 6 4
"3373" 10 4 7 7
"3374" 2 1 2 8
"3375" 8 4 4 7
"3376" 1 1 6 2
"3377" 7 1 6 8
"3378" 9 3 5 3
"3379" 10 4 7 6
"3380" 2 1 6 4
"3381" 10 4 7 6
"3382" 5 3 5 5
"3383" 9 3 5 3
"3384" 8 4 7 6
"3385" 6 2 3 9
"3386" 3 1 2 2
"3387" 8 4 7 6
"3388" 9 3 5 3
"3389" 3 1 2 2
"3390" 1 1 6 4
"3391" 1 1 2 4
"3392" 2 1 6 4
"3393" 3 1 2 2
"3394" 3 1 2 2
"3395" 10 4 7 6
"3396" 4 1 6 4
"3397" 9 3 5 3
"3398" 5 3 5 5
"3399" 6 2 3 9
"3400" 8 4 4 7
"3401" 3 1 2 2
"3402" 3 1 2 2
"3403" 3 1 2 2
"3404" 1 1 2 3
"3405" 3 1 2 2
"3406" 1 1 6 4
"3407" 9 3 5 3
"3408" 1 1 6 4
"3409" 9 3 5 3
"3410" 8 4 4 7
"3411" 10 4 7 6
"3412" 8 4 4 7
"3413" 1 1 6 4
"3414" 7 2 1 8
"3415" 3 1 2 2
"3416" 1 1 6 4
"3417" 5 3 5 5
"3418" 7 2 1 8
"3419" 4 3 5 5
"3420" 1 1 2 2
"3421" 10 4 7 6
"3422" 5 3 5 5
"3423" 8 4 4 7
"3424" 8 4 4 7
"3425" 3 1 2 2
"3426" 1 1 6 2
"3427" 1 1 6 4
"3428" 10 4 7 6
"3429" 7 2 7 6
"3430" 7 2 1 8
"3431" 6 1 3 2
